"","BALLOT","AGE","SEX","RACE","INCOME","HAPPY","HEALTH","PARSOL","YEAR","ID_"
"1",3,60,1,1,12,2,2,2,1998,1
"2",2,27,2,1,10,2,1,2,1998,2
"3",2,36,1,1,12,1,1,4,1998,3
"4",1,21,1,1,10,1,2,-100,1998,4
"5",3,35,2,1,12,2,2,4,1998,5
"6",1,33,1,1,11,2,1,-100,1998,6
"7",2,43,1,1,12,1,2,1,1998,7
"8",2,29,1,1,12,2,3,2,1998,8
"9",1,39,2,1,-98,1,1,-100,1998,9
"10",1,45,1,1,12,2,1,-100,1998,10
"11",2,29,1,1,12,2,2,1,1998,11
"12",3,41,2,2,12,2,1,1,1998,12
"13",1,32,2,1,12,2,1,-100,1998,13
"14",3,48,1,1,12,2,1,2,1998,14
"15",2,20,2,1,12,3,1,2,1998,15
"16",3,43,1,3,11,2,2,2,1998,16
"17",2,27,2,3,9,3,2,1,1998,17
"18",3,34,2,3,-98,3,1,2,1998,18
"19",3,43,1,3,1,-98,3,3,1998,19
"20",3,28,1,1,12,1,1,1,1998,20
"21",3,42,1,1,12,1,1,1,1998,21
"22",1,72,1,1,12,1,1,-100,1998,22
"23",2,45,1,1,12,2,2,1,1998,23
"24",2,79,1,1,12,2,3,1,1998,24
"25",2,81,2,1,12,2,1,1,1998,25
"26",1,65,1,1,-90,3,3,-100,1998,26
"27",3,75,2,1,-90,2,2,-98,1998,27
"28",3,36,2,1,-98,1,1,1,1998,28
"29",3,48,2,1,12,1,2,1,1998,29
"30",3,61,2,1,12,3,1,4,1998,30
"31",1,59,1,1,-90,1,1,-100,1998,31
"32",2,73,1,1,-90,2,2,3,1998,32
"33",3,51,1,1,-90,2,2,4,1998,33
"34",1,56,2,1,-90,1,4,-100,1998,34
"35",2,41,1,1,12,2,1,1,1998,35
"36",1,64,2,1,11,3,2,-100,1998,36
"37",2,50,2,1,11,2,2,1,1998,37
"38",2,31,1,3,-90,2,1,5,1998,38
"39",1,25,2,3,8,1,3,-100,1998,39
"40",3,27,1,1,12,1,1,4,1998,40
"41",3,50,2,1,-90,1,2,1,1998,41
"42",1,81,2,1,-90,2,-98,-100,1998,42
"43",2,50,1,1,12,1,1,4,1998,43
"44",2,19,2,1,12,2,1,3,1998,44
"45",1,71,2,1,12,2,2,-100,1998,45
"46",3,56,2,1,12,1,1,1,1998,46
"47",3,57,1,1,-90,1,1,1,1998,47
"48",1,45,2,1,12,1,1,-100,1998,48
"49",3,56,2,1,7,3,3,5,1998,49
"50",2,25,1,1,12,1,1,1,1998,50
"51",3,38,1,1,12,2,2,1,1998,51
"52",1,30,1,3,10,2,4,-100,1998,52
"53",1,24,1,2,11,3,3,-100,1998,53
"54",2,41,2,1,12,1,1,2,1998,54
"55",1,28,1,1,11,2,2,-100,1998,55
"56",3,60,1,1,9,3,1,3,1998,56
"57",2,47,2,1,12,2,2,1,1998,57
"58",3,35,1,1,7,1,1,1,1998,58
"59",1,37,2,1,12,1,1,-100,1998,59
"60",2,81,2,1,-98,1,1,-98,1998,60
"61",1,38,2,1,12,2,2,-100,1998,61
"62",1,47,2,2,9,2,2,-100,1998,62
"63",1,76,2,2,8,2,3,-100,1998,63
"64",3,86,2,2,6,1,1,1,1998,64
"65",3,73,2,2,10,3,3,1,1998,65
"66",3,69,2,2,6,2,3,3,1998,66
"67",2,50,2,3,9,2,3,2,1998,67
"68",1,29,2,2,8,1,2,-100,1998,68
"69",3,32,1,2,11,2,2,4,1998,69
"70",1,74,2,2,8,2,3,-100,1998,70
"71",2,34,2,2,12,2,1,3,1998,71
"72",2,48,2,2,12,2,2,2,1998,72
"73",3,52,2,2,12,1,1,1,1998,73
"74",1,51,2,2,12,1,1,-100,1998,74
"75",1,25,2,2,9,2,1,-100,1998,75
"76",3,64,1,1,11,2,2,1,1998,76
"77",1,44,2,1,12,2,1,-100,1998,77
"78",3,49,1,1,12,1,2,2,1998,78
"79",2,82,2,1,11,2,2,2,1998,79
"80",3,34,1,1,12,1,2,1,1998,80
"81",2,79,1,1,11,1,1,2,1998,81
"82",2,46,2,1,-99,2,2,1,1998,82
"83",1,44,2,1,-90,1,2,-100,1998,83
"84",3,35,1,1,12,1,1,2,1998,84
"85",3,39,1,1,12,1,1,1,1998,85
"86",1,44,1,1,11,3,3,-100,1998,86
"87",3,56,1,1,12,1,1,3,1998,87
"88",3,51,1,1,12,2,3,2,1998,88
"89",2,64,2,1,-90,2,1,3,1998,89
"90",3,33,1,1,12,1,2,2,1998,90
"91",1,50,2,1,12,2,2,-100,1998,91
"92",1,69,1,1,12,1,1,-100,1998,92
"93",2,34,1,1,12,2,2,3,1998,93
"94",1,42,2,1,11,3,4,-100,1998,94
"95",3,63,2,1,12,2,1,1,1998,95
"96",2,49,2,1,12,1,2,3,1998,96
"97",2,71,2,1,12,1,2,3,1998,97
"98",1,64,2,1,12,1,2,-100,1998,98
"99",3,48,2,2,12,2,2,1,1998,99
"100",3,72,2,1,-98,2,2,1,1998,100
"101",2,30,1,1,12,1,2,1,1998,101
"102",3,46,1,3,12,2,1,1,1998,102
"103",3,21,1,1,12,3,2,4,1998,103
"104",2,43,2,1,11,2,3,3,1998,104
"105",1,27,2,1,12,2,1,-100,1998,105
"106",1,22,1,1,11,3,2,-100,1998,106
"107",2,41,2,1,12,2,2,4,1998,107
"108",1,37,2,2,12,2,1,-100,1998,108
"109",1,55,2,1,8,3,4,-100,1998,109
"110",3,30,2,1,-99,2,3,1,1998,110
"111",2,24,2,1,-98,1,4,2,1998,111
"112",1,26,2,1,-98,3,2,-100,1998,112
"113",1,19,2,1,-98,2,1,-100,1998,113
"114",2,26,2,1,-98,1,3,1,1998,114
"115",3,59,2,3,3,3,4,3,1998,115
"116",1,40,1,1,12,2,1,-100,1998,116
"117",3,79,2,1,5,1,2,3,1998,117
"118",3,56,1,1,11,2,2,2,1998,118
"119",1,54,2,2,12,3,3,-100,1998,119
"120",2,29,2,1,12,2,1,1,1998,120
"121",1,23,1,1,9,1,1,-100,1998,121
"122",1,35,2,2,12,2,2,-100,1998,122
"123",1,26,1,2,12,3,3,-100,1998,123
"124",1,46,1,2,11,2,2,-100,1998,124
"125",3,35,1,2,9,-99,1,2,1998,125
"126",3,55,1,2,7,2,4,5,1998,126
"127",2,67,2,1,8,1,3,1,1998,127
"128",2,72,2,2,7,1,2,2,1998,128
"129",2,80,2,2,7,3,3,3,1998,129
"130",3,71,1,2,9,2,3,1,1998,130
"131",2,74,1,2,10,2,2,2,1998,131
"132",2,53,2,1,5,2,3,2,1998,132
"133",1,76,2,1,8,3,2,-100,1998,133
"134",3,49,1,2,12,1,2,1,1998,134
"135",1,57,1,2,12,2,2,-100,1998,135
"136",2,55,1,2,-90,2,3,1,1998,136
"137",1,42,2,2,12,2,3,-100,1998,137
"138",3,55,2,2,-90,2,3,5,1998,138
"139",3,80,2,1,11,2,2,1,1998,139
"140",1,43,2,1,12,1,3,-100,1998,140
"141",3,42,1,1,12,2,2,2,1998,141
"142",3,43,2,1,12,3,3,3,1998,142
"143",2,69,2,1,9,3,3,2,1998,143
"144",2,56,2,1,12,2,3,1,1998,144
"145",1,61,2,1,-90,3,3,-100,1998,145
"146",3,34,1,1,-90,1,2,2,1998,146
"147",2,61,1,1,-90,2,2,1,1998,147
"148",3,37,2,1,12,2,2,2,1998,148
"149",3,61,2,1,-90,1,2,1,1998,149
"150",3,38,1,1,-90,2,2,2,1998,150
"151",2,50,1,1,12,2,2,1,1998,151
"152",2,48,2,1,12,2,3,1,1998,152
"153",1,36,2,3,-90,3,3,-100,1998,153
"154",2,64,2,1,12,1,2,3,1998,154
"155",2,37,1,1,12,2,2,2,1998,155
"156",1,52,2,1,12,1,1,-100,1998,156
"157",1,54,1,1,11,3,3,-100,1998,157
"158",3,26,2,1,9,2,3,1,1998,158
"159",1,43,2,1,-90,3,3,-100,1998,159
"160",3,43,1,1,12,2,2,1,1998,160
"161",1,85,1,1,-98,2,4,-100,1998,161
"162",3,79,2,1,-98,3,4,2,1998,162
"163",1,48,1,1,12,2,2,-100,1998,163
"164",3,48,1,1,12,2,2,1,1998,164
"165",2,53,2,1,10,2,4,3,1998,165
"166",1,67,2,1,12,2,3,-100,1998,166
"167",1,40,1,1,12,2,3,-100,1998,167
"168",1,75,2,1,-98,1,2,-100,1998,168
"169",3,25,1,1,12,2,2,2,1998,169
"170",2,35,2,1,12,1,2,3,1998,170
"171",2,33,1,1,12,2,3,4,1998,171
"172",3,62,1,1,-90,1,2,2,1998,172
"173",3,70,2,1,11,3,4,4,1998,173
"174",2,69,2,1,-90,2,2,2,1998,174
"175",1,20,1,1,12,1,1,-100,1998,175
"176",1,44,2,1,12,3,1,-100,1998,176
"177",2,36,1,1,-90,2,2,3,1998,177
"178",3,66,2,1,-90,2,1,2,1998,178
"179",1,37,2,1,12,1,2,-100,1998,179
"180",2,44,1,1,12,2,2,1,1998,180
"181",1,42,1,1,12,1,1,-100,1998,181
"182",3,51,1,1,12,2,2,1,1998,182
"183",1,54,2,1,-90,1,1,-100,1998,183
"184",2,52,2,1,12,2,1,2,1998,184
"185",3,59,1,1,12,2,1,3,1998,185
"186",2,44,1,1,12,2,1,1,1998,186
"187",2,44,2,1,12,1,1,3,1998,187
"188",3,35,2,1,12,1,1,2,1998,188
"189",2,47,2,1,12,2,2,5,1998,189
"190",3,43,2,1,12,2,1,1,1998,190
"191",1,34,2,3,12,3,3,-100,1998,191
"192",1,89,2,1,11,1,2,-100,1998,192
"193",1,54,2,1,12,2,2,-100,1998,193
"194",1,44,1,1,12,1,1,-100,1998,194
"195",3,29,2,1,12,2,1,1,1998,195
"196",3,26,1,1,10,2,1,4,1998,196
"197",2,35,2,2,10,2,1,4,1998,197
"198",3,35,2,1,10,3,4,1,1998,198
"199",1,26,1,2,8,2,2,-100,1998,199
"200",2,36,2,2,8,2,2,4,1998,200
"201",3,31,2,2,7,2,2,4,1998,201
"202",1,45,1,1,12,2,3,-100,1998,202
"203",2,50,2,2,12,1,1,3,1998,203
"204",3,69,2,1,10,2,2,2,1998,204
"205",3,34,2,1,12,1,1,1,1998,205
"206",2,35,2,1,12,2,2,4,1998,206
"207",1,61,2,3,11,1,2,-100,1998,207
"208",3,36,2,1,12,1,1,3,1998,208
"209",2,24,1,3,12,1,3,2,1998,209
"210",2,28,1,1,-98,2,2,4,1998,210
"211",1,55,2,3,12,2,1,-100,1998,211
"212",2,28,1,3,12,1,1,1,1998,212
"213",2,33,1,3,12,1,2,1,1998,213
"214",1,59,2,1,12,3,1,-100,1998,214
"215",2,29,2,1,12,1,2,3,1998,215
"216",3,41,1,1,11,3,1,3,1998,216
"217",1,35,2,3,12,3,1,-100,1998,217
"218",3,38,1,3,12,2,3,2,1998,218
"219",3,47,1,2,12,2,1,1,1998,219
"220",1,52,2,1,12,3,4,-100,1998,220
"221",3,62,2,1,12,1,1,1,1998,221
"222",3,19,1,3,12,1,1,1,1998,222
"223",1,55,1,1,12,2,3,-100,1998,223
"224",3,52,2,1,12,3,3,4,1998,224
"225",1,37,1,1,12,2,1,-100,1998,225
"226",2,35,2,2,12,1,2,2,1998,226
"227",1,61,1,1,12,2,2,-100,1998,227
"228",3,27,2,1,12,1,1,3,1998,228
"229",3,36,1,1,12,1,2,4,1998,229
"230",2,34,2,1,10,2,2,4,1998,230
"231",1,72,2,1,2,2,2,-100,1998,231
"232",2,35,2,1,12,1,2,1,1998,232
"233",2,57,2,1,11,2,1,2,1998,233
"234",2,79,1,1,9,3,2,1,1998,234
"235",3,78,1,1,11,3,1,3,1998,235
"236",3,44,2,1,9,3,2,3,1998,236
"237",3,35,1,1,11,2,3,1,1998,237
"238",1,45,2,1,11,2,2,-100,1998,238
"239",1,55,2,1,12,2,2,-100,1998,239
"240",2,61,2,1,12,1,2,1,1998,240
"241",3,37,1,1,12,2,1,1,1998,241
"242",1,69,1,1,12,2,2,-100,1998,242
"243",2,57,2,1,12,1,2,1,1998,243
"244",3,40,1,1,12,1,2,1,1998,244
"245",1,52,1,3,12,2,1,-100,1998,245
"246",1,50,1,2,9,1,2,-100,1998,246
"247",1,48,1,1,12,2,2,-100,1998,247
"248",2,29,1,1,-90,1,2,-98,1998,248
"249",3,57,1,1,11,2,2,4,1998,249
"250",3,42,2,2,11,3,4,1,1998,250
"251",2,33,1,3,11,1,2,2,1998,251
"252",2,35,1,1,12,2,1,2,1998,252
"253",2,29,1,2,10,1,3,3,1998,253
"254",3,37,1,1,10,1,2,4,1998,254
"255",3,29,2,1,12,1,1,2,1998,255
"256",1,48,2,1,12,2,2,-100,1998,256
"257",2,48,2,3,9,1,2,1,1998,257
"258",1,49,1,1,12,2,1,-100,1998,258
"259",3,39,2,1,11,2,2,4,1998,259
"260",2,35,1,1,9,3,2,4,1998,260
"261",3,71,1,1,12,1,2,1,1998,261
"262",1,52,1,1,11,2,2,-100,1998,262
"263",1,33,1,1,12,1,2,-100,1998,263
"264",1,61,2,1,12,1,1,-100,1998,264
"265",3,51,1,1,12,1,1,3,1998,265
"266",3,28,2,1,12,2,2,1,1998,266
"267",1,55,1,1,12,2,2,-100,1998,267
"268",2,29,2,1,-90,2,1,4,1998,268
"269",3,19,2,1,12,1,1,4,1998,269
"270",3,46,2,1,11,3,3,4,1998,270
"271",2,77,2,1,9,3,1,1,1998,271
"272",1,47,2,1,12,2,3,-100,1998,272
"273",2,45,2,1,12,3,2,3,1998,273
"274",2,50,2,1,12,2,1,2,1998,274
"275",1,33,2,3,12,2,2,-100,1998,275
"276",1,44,2,2,12,2,2,-100,1998,276
"277",3,24,1,1,9,2,2,1,1998,277
"278",3,44,1,2,12,3,1,4,1998,278
"279",2,41,1,2,10,3,2,4,1998,279
"280",3,44,2,2,-98,2,2,2,1998,280
"281",2,39,2,2,7,2,2,2,1998,281
"282",2,41,2,2,12,1,2,3,1998,282
"283",3,32,1,2,11,1,1,5,1998,283
"284",1,65,1,2,12,3,3,-100,1998,284
"285",2,58,2,2,9,2,2,3,1998,285
"286",1,22,1,2,11,3,2,-100,1998,286
"287",1,46,2,2,12,2,2,-100,1998,287
"288",1,39,2,2,3,3,3,-100,1998,288
"289",2,40,1,2,-99,2,2,3,1998,289
"290",2,28,2,2,9,2,2,3,1998,290
"291",3,34,2,2,10,2,2,3,1998,291
"292",2,45,1,2,6,2,2,2,1998,292
"293",3,41,2,2,11,2,1,4,1998,293
"294",1,55,2,2,12,1,4,-100,1998,294
"295",3,48,1,2,12,2,2,2,1998,295
"296",3,53,2,2,12,2,1,2,1998,296
"297",3,44,2,2,7,3,3,5,1998,297
"298",3,79,2,2,7,2,4,3,1998,298
"299",1,39,2,2,12,2,2,-100,1998,299
"300",3,44,2,1,11,2,3,-98,1998,300
"301",2,41,2,1,4,2,3,4,1998,301
"302",2,65,2,2,9,2,2,2,1998,302
"303",2,25,2,2,4,2,1,3,1998,303
"304",1,60,2,1,12,2,3,-100,1998,304
"305",2,71,1,1,11,2,2,2,1998,305
"306",1,38,1,1,12,2,3,-100,1998,306
"307",3,52,1,1,12,2,1,3,1998,307
"308",3,77,2,1,12,2,1,1,1998,308
"309",2,67,2,1,-98,2,2,5,1998,309
"310",2,53,2,3,12,1,1,-98,1998,310
"311",3,37,1,1,12,1,2,2,1998,311
"312",1,71,2,1,-98,2,2,-100,1998,312
"313",1,47,2,1,-90,2,2,-100,1998,313
"314",2,46,1,1,9,2,3,1,1998,314
"315",1,37,2,1,12,1,1,-100,1998,315
"316",2,49,2,1,12,2,1,2,1998,316
"317",1,52,2,1,12,1,1,-100,1998,317
"318",1,27,1,3,12,2,2,-100,1998,318
"319",1,28,1,3,10,2,2,-100,1998,319
"320",2,28,2,1,12,2,1,1,1998,320
"321",1,48,2,1,-90,2,2,-100,1998,321
"322",3,51,1,1,12,2,2,3,1998,322
"323",3,60,2,1,12,1,1,2,1998,323
"324",2,55,2,1,12,2,2,3,1998,324
"325",1,55,1,1,12,1,2,-100,1998,325
"326",3,33,2,1,12,1,2,3,1998,326
"327",3,55,1,3,10,1,2,2,1998,327
"328",1,46,2,1,12,2,1,-100,1998,328
"329",2,35,1,1,12,2,1,2,1998,329
"330",1,60,1,1,12,1,1,-100,1998,330
"331",2,45,1,1,12,1,3,1,1998,331
"332",1,37,2,1,12,1,2,-100,1998,332
"333",3,30,2,1,12,2,1,1,1998,333
"334",2,57,1,1,12,2,2,3,1998,334
"335",2,34,2,1,12,2,2,2,1998,335
"336",3,36,1,1,12,2,1,1,1998,336
"337",3,34,2,1,12,1,2,3,1998,337
"338",3,46,2,1,12,1,1,1,1998,338
"339",2,44,2,1,12,2,2,3,1998,339
"340",3,44,1,1,12,1,2,1,1998,340
"341",2,56,1,1,12,2,2,1,1998,341
"342",2,47,1,1,12,2,2,4,1998,342
"343",2,62,2,1,12,2,1,1,1998,343
"344",2,29,1,2,11,2,2,1,1998,344
"345",1,36,1,1,12,2,2,-100,1998,345
"346",1,49,1,1,12,2,2,-100,1998,346
"347",1,50,2,2,9,2,3,-100,1998,347
"348",3,56,2,1,12,3,2,1,1998,348
"349",2,58,2,2,9,2,2,3,1998,349
"350",3,32,1,1,11,1,1,5,1998,350
"351",2,37,2,1,12,-99,2,4,1998,351
"352",3,39,1,2,12,1,1,4,1998,352
"353",1,36,2,1,12,1,1,-100,1998,353
"354",2,38,1,1,12,1,2,2,1998,354
"355",2,53,1,1,12,2,1,3,1998,355
"356",3,24,1,2,10,2,1,4,1998,356
"357",1,23,1,2,1,2,2,-100,1998,357
"358",3,70,2,1,12,1,1,2,1998,358
"359",1,24,2,3,11,2,3,-100,1998,359
"360",3,42,2,2,4,3,2,2,1998,360
"361",2,29,2,3,12,-99,2,4,1998,361
"362",1,39,2,2,11,2,2,-100,1998,362
"363",2,39,2,2,11,2,3,1,1998,363
"364",2,45,2,1,12,2,1,4,1998,364
"365",2,26,2,1,5,2,2,1,1998,365
"366",1,43,2,1,12,3,3,-100,1998,366
"367",2,34,2,1,12,2,3,1,1998,367
"368",3,53,1,1,12,2,2,4,1998,368
"369",2,38,1,1,12,1,2,1,1998,369
"370",1,43,2,1,12,1,2,-100,1998,370
"371",3,62,1,1,12,1,2,2,1998,371
"372",1,77,1,1,12,1,2,-100,1998,372
"373",2,48,1,1,12,2,2,4,1998,373
"374",1,51,1,1,12,1,1,-100,1998,374
"375",3,44,2,1,11,2,1,3,1998,375
"376",2,73,2,1,9,2,3,4,1998,376
"377",1,45,1,1,12,3,3,-100,1998,377
"378",1,67,1,1,12,2,3,-100,1998,378
"379",2,68,1,1,12,1,1,3,1998,379
"380",3,72,1,1,12,2,3,1,1998,380
"381",2,62,2,1,12,2,3,2,1998,381
"382",1,40,2,1,12,1,1,-100,1998,382
"383",3,20,1,1,12,2,3,1,1998,383
"384",2,-99,1,1,9,2,3,2,1998,384
"385",1,48,2,1,12,3,4,-100,1998,385
"386",2,33,1,1,10,1,1,2,1998,386
"387",1,40,2,1,11,2,1,-100,1998,387
"388",1,64,1,1,12,3,3,-100,1998,388
"389",3,28,1,1,12,2,1,3,1998,389
"390",1,33,1,3,11,2,2,-100,1998,390
"391",1,30,2,3,11,3,2,-100,1998,391
"392",3,49,2,1,11,3,1,2,1998,392
"393",1,42,1,1,9,2,2,-100,1998,393
"394",1,24,1,1,10,2,1,-100,1998,394
"395",2,22,2,1,10,2,2,2,1998,395
"396",1,57,1,3,12,2,1,-100,1998,396
"397",2,34,2,3,-90,2,3,2,1998,397
"398",3,45,2,1,9,3,4,5,1998,398
"399",1,46,1,2,2,2,2,-100,1998,399
"400",2,44,1,1,7,2,2,3,1998,400
"401",2,51,1,1,12,1,3,5,1998,401
"402",1,25,2,2,5,2,2,-100,1998,402
"403",3,38,2,3,11,3,2,2,1998,403
"404",1,44,2,1,12,2,1,-100,1998,404
"405",3,41,1,1,12,1,1,1,1998,405
"406",2,36,1,3,12,1,2,1,1998,406
"407",2,27,1,3,12,2,1,2,1998,407
"408",3,36,2,1,12,3,2,3,1998,408
"409",2,37,1,1,12,2,1,2,1998,409
"410",3,35,2,2,12,2,3,2,1998,410
"411",1,41,1,1,12,2,2,-100,1998,411
"412",1,29,2,1,12,1,1,-100,1998,412
"413",3,40,2,2,12,1,2,1,1998,413
"414",3,29,1,1,9,2,1,1,1998,414
"415",1,64,1,1,12,1,2,-100,1998,415
"416",2,55,1,1,-90,2,1,-98,1998,416
"417",3,29,1,1,12,1,2,2,1998,417
"418",1,43,1,1,12,1,1,-100,1998,418
"419",2,34,1,1,12,2,2,3,1998,419
"420",3,54,2,1,12,2,2,2,1998,420
"421",2,27,2,1,12,1,2,3,1998,421
"422",1,39,1,1,-99,-99,2,-100,1998,422
"423",3,25,2,1,6,1,2,-98,1998,423
"424",3,24,1,1,11,2,1,-98,1998,424
"425",2,66,1,1,12,2,2,4,1998,425
"426",1,20,1,1,8,2,1,-100,1998,426
"427",3,26,2,1,10,2,2,3,1998,427
"428",1,-99,1,3,12,-99,2,-100,1998,428
"429",2,42,1,1,12,1,1,2,1998,429
"430",3,40,2,3,11,3,2,2,1998,430
"431",1,48,2,1,10,2,2,-100,1998,431
"432",2,55,2,3,11,2,1,2,1998,432
"433",3,27,2,3,12,2,2,1,1998,433
"434",3,73,2,1,12,1,2,3,1998,434
"435",1,34,1,1,10,3,2,-100,1998,435
"436",1,60,2,2,9,2,3,-100,1998,436
"437",3,26,2,3,9,2,2,1,1998,437
"438",1,41,2,1,12,1,3,-100,1998,438
"439",2,26,1,3,12,1,2,1,1998,439
"440",2,40,2,1,12,2,3,4,1998,440
"441",3,25,2,1,2,2,2,3,1998,441
"442",2,41,2,1,11,3,2,1,1998,442
"443",3,63,2,2,7,3,2,1,1998,443
"444",1,39,1,1,11,2,2,-100,1998,444
"445",1,60,2,1,8,3,2,-100,1998,445
"446",2,56,2,2,12,1,2,1,1998,446
"447",1,73,2,1,2,1,1,-100,1998,447
"448",3,25,2,3,12,1,2,1,1998,448
"449",1,21,1,1,12,1,1,-100,1998,449
"450",2,43,1,1,12,3,3,4,1998,450
"451",3,19,2,3,8,1,3,1,1998,451
"452",3,35,2,1,12,2,2,2,1998,452
"453",2,51,2,1,12,2,2,4,1998,453
"454",2,42,1,3,12,2,2,5,1998,454
"455",3,28,2,2,12,2,1,-98,1998,455
"456",3,50,1,1,12,2,2,2,1998,456
"457",2,-99,1,1,-98,3,3,5,1998,457
"458",3,67,2,1,9,2,2,1,1998,458
"459",1,40,1,1,12,2,2,-100,1998,459
"460",1,32,1,1,12,2,2,-100,1998,460
"461",3,23,2,1,7,1,1,1,1998,461
"462",2,42,1,1,12,1,1,4,1998,462
"463",2,23,1,1,12,2,2,2,1998,463
"464",1,36,2,1,12,2,1,-100,1998,464
"465",3,40,1,3,11,2,4,3,1998,465
"466",1,29,1,3,10,3,3,-100,1998,466
"467",2,40,2,3,11,2,3,2,1998,467
"468",2,70,2,3,10,2,1,1,1998,468
"469",2,24,1,2,9,3,1,1,1998,469
"470",2,41,2,1,11,2,1,1,1998,470
"471",3,62,2,1,12,3,1,2,1998,471
"472",1,58,2,1,12,2,1,-100,1998,472
"473",3,85,2,1,-90,2,3,-98,1998,473
"474",1,27,1,1,8,2,2,-100,1998,474
"475",1,71,1,1,12,2,1,-100,1998,475
"476",3,47,2,1,12,3,2,3,1998,476
"477",1,31,2,1,12,2,1,-100,1998,477
"478",3,34,2,1,-90,2,1,2,1998,478
"479",3,46,2,2,12,3,2,1,1998,479
"480",1,51,1,1,12,2,1,-100,1998,480
"481",2,28,2,1,12,2,1,2,1998,481
"482",2,55,2,1,12,2,1,3,1998,482
"483",3,32,2,2,-90,2,2,1,1998,483
"484",1,68,1,1,12,2,2,-100,1998,484
"485",2,30,1,1,4,2,2,1,1998,485
"486",1,45,2,2,-98,1,1,-100,1998,486
"487",3,28,2,2,9,2,1,1,1998,487
"488",2,44,1,2,2,3,2,1,1998,488
"489",2,37,1,2,10,2,1,1,1998,489
"490",3,28,2,2,12,3,1,1,1998,490
"491",2,44,2,3,10,1,1,1,1998,491
"492",3,30,2,2,12,1,2,2,1998,492
"493",1,89,2,1,12,1,2,-100,1998,493
"494",1,72,2,1,12,2,2,-100,1998,494
"495",3,63,1,1,12,3,3,2,1998,495
"496",3,57,1,1,-90,1,1,2,1998,496
"497",2,31,2,1,12,-99,-99,-99,1998,497
"498",1,28,2,1,12,2,1,-100,1998,498
"499",3,70,2,3,12,1,2,1,1998,499
"500",2,31,1,1,-90,-99,1,3,1998,500
"501",1,60,2,2,8,2,2,-100,1998,501
"502",1,53,2,2,-98,2,4,-100,1998,502
"503",2,79,1,2,9,2,4,1,1998,503
"504",2,80,2,1,7,2,2,2,1998,504
"505",2,34,2,2,9,2,2,-98,1998,505
"506",3,85,2,1,7,1,3,2,1998,506
"507",1,58,2,2,8,2,4,-100,1998,507
"508",3,69,2,1,-98,2,3,2,1998,508
"509",3,39,2,3,12,1,2,2,1998,509
"510",3,29,1,3,9,1,1,4,1998,510
"511",2,22,1,3,-90,2,1,2,1998,511
"512",1,36,2,3,9,1,1,-100,1998,512
"513",3,29,2,1,12,1,1,4,1998,513
"514",3,26,1,3,-90,2,1,3,1998,514
"515",1,73,2,1,8,2,2,-100,1998,515
"516",3,89,2,1,-90,3,4,-98,1998,516
"517",2,36,1,1,12,2,1,3,1998,517
"518",1,35,2,1,-98,1,1,-100,1998,518
"519",1,36,1,3,-90,1,1,-100,1998,519
"520",3,70,1,1,9,2,3,3,1998,520
"521",3,22,2,1,12,2,1,3,1998,521
"522",2,32,2,1,12,1,1,2,1998,522
"523",3,31,2,3,-98,2,2,2,1998,523
"524",3,34,2,1,-90,1,1,1,1998,524
"525",1,28,1,3,6,3,4,-100,1998,525
"526",2,52,2,1,-90,2,1,3,1998,526
"527",2,28,2,1,11,1,1,4,1998,527
"528",3,25,2,3,-90,1,1,3,1998,528
"529",1,40,2,1,12,1,2,-100,1998,529
"530",1,30,2,3,-98,2,2,-100,1998,530
"531",2,26,1,3,12,2,2,1,1998,531
"532",3,34,1,3,12,2,2,2,1998,532
"533",2,80,2,1,-90,2,3,2,1998,533
"534",1,65,1,1,12,2,2,-100,1998,534
"535",1,32,1,1,-98,2,1,-100,1998,535
"536",2,54,1,3,-90,2,2,2,1998,536
"537",2,38,2,1,12,2,2,2,1998,537
"538",3,20,2,1,-98,2,3,1,1998,538
"539",3,29,2,1,12,1,1,2,1998,539
"540",1,55,1,3,10,2,1,-100,1998,540
"541",3,30,2,1,11,2,1,3,1998,541
"542",1,55,2,1,-90,2,4,-100,1998,542
"543",2,27,2,3,11,3,2,1,1998,543
"544",2,37,2,2,9,2,3,4,1998,544
"545",3,25,2,2,1,3,1,2,1998,545
"546",1,25,1,2,9,3,4,-100,1998,546
"547",2,29,1,3,9,1,3,3,1998,547
"548",3,32,2,2,7,3,4,4,1998,548
"549",1,37,2,2,12,1,1,-100,1998,549
"550",1,53,2,3,11,2,2,-100,1998,550
"551",3,82,1,1,9,2,2,2,1998,551
"552",2,67,2,1,-98,1,2,2,1998,552
"553",1,62,2,1,10,2,2,-100,1998,553
"554",3,64,1,1,12,1,2,2,1998,554
"555",2,55,2,1,12,3,2,1,1998,555
"556",3,40,1,1,7,3,1,1,1998,556
"557",2,36,2,1,12,2,2,3,1998,557
"558",2,46,1,1,-90,1,1,2,1998,558
"559",3,51,2,1,12,1,1,2,1998,559
"560",1,35,2,1,12,2,2,-100,1998,560
"561",1,60,1,1,12,2,2,-100,1998,561
"562",3,19,2,1,12,1,1,1,1998,562
"563",2,30,2,3,2,2,1,3,1998,563
"564",3,25,2,3,12,2,2,2,1998,564
"565",2,36,1,1,12,2,1,2,1998,565
"566",1,68,2,3,-90,2,2,-100,1998,566
"567",3,41,1,1,2,3,2,1,1998,567
"568",2,30,2,3,12,2,2,4,1998,568
"569",2,28,1,3,11,-99,3,3,1998,569
"570",1,32,2,3,8,-99,-99,-100,1998,570
"571",2,22,1,3,9,2,3,4,1998,571
"572",3,30,2,1,12,2,2,4,1998,572
"573",3,25,2,3,11,3,4,1,1998,573
"574",3,38,1,3,12,2,2,3,1998,574
"575",3,53,2,1,12,1,1,1,1998,575
"576",3,36,1,2,9,3,2,3,1998,576
"577",2,35,2,2,12,2,2,2,1998,577
"578",1,19,1,2,12,2,1,-100,1998,578
"579",3,30,2,2,5,2,2,3,1998,579
"580",2,48,1,2,12,2,2,3,1998,580
"581",1,37,2,3,12,3,1,-100,1998,581
"582",1,44,2,2,12,2,2,-100,1998,582
"583",3,34,2,2,12,2,2,2,1998,583
"584",1,31,2,2,10,2,2,-100,1998,584
"585",2,60,2,2,12,2,2,1,1998,585
"586",1,39,2,2,12,3,2,-100,1998,586
"587",2,36,1,1,12,2,2,3,1998,587
"588",2,88,2,1,10,2,1,3,1998,588
"589",3,52,2,1,12,1,1,2,1998,589
"590",1,25,1,3,1,2,2,-100,1998,590
"591",3,37,1,2,11,2,2,2,1998,591
"592",3,36,2,1,12,1,2,1,1998,592
"593",3,55,2,1,12,3,1,2,1998,593
"594",3,44,2,1,12,2,1,2,1998,594
"595",2,33,1,1,-90,1,1,1,1998,595
"596",2,30,2,1,11,2,1,1,1998,596
"597",3,57,1,1,12,1,2,2,1998,597
"598",1,45,2,1,12,2,3,-100,1998,598
"599",2,40,1,3,12,2,2,2,1998,599
"600",1,60,2,1,12,1,3,-100,1998,600
"601",2,29,1,2,12,2,1,2,1998,601
"602",1,47,2,1,12,1,1,-100,1998,602
"603",1,50,1,1,12,1,2,-100,1998,603
"604",1,31,1,1,12,1,1,-100,1998,604
"605",2,34,1,1,12,2,2,2,1998,605
"606",2,45,1,1,12,2,2,3,1998,606
"607",2,81,2,2,10,2,4,3,1998,607
"608",2,55,1,2,-90,2,2,3,1998,608
"609",1,51,1,1,1,3,3,-100,1998,609
"610",3,24,2,2,1,3,2,2,1998,610
"611",3,21,2,3,12,2,1,1,1998,611
"612",3,51,2,2,12,1,1,2,1998,612
"613",1,32,1,2,12,1,1,-100,1998,613
"614",2,44,2,3,12,1,1,1,1998,614
"615",1,27,1,1,12,1,1,-100,1998,615
"616",2,76,2,1,-90,3,2,3,1998,616
"617",3,64,2,1,-90,2,3,2,1998,617
"618",2,43,2,1,12,2,2,3,1998,618
"619",2,34,2,1,12,2,2,3,1998,619
"620",1,33,2,1,12,1,1,-100,1998,620
"621",2,45,1,1,11,2,2,4,1998,621
"622",3,80,1,1,12,2,2,2,1998,622
"623",1,83,1,1,12,1,1,-100,1998,623
"624",1,68,1,1,12,3,2,-100,1998,624
"625",2,53,1,1,12,1,1,1,1998,625
"626",1,52,1,1,12,2,2,-100,1998,626
"627",2,73,1,1,12,2,3,1,1998,627
"628",2,35,1,1,12,2,2,3,1998,628
"629",1,25,1,1,12,2,2,-100,1998,629
"630",2,34,2,3,12,2,1,1,1998,630
"631",1,49,1,1,12,2,3,-100,1998,631
"632",2,44,2,3,12,2,2,1,1998,632
"633",3,60,2,1,12,1,2,1,1998,633
"634",3,34,1,1,12,2,2,4,1998,634
"635",1,56,2,1,12,1,2,-100,1998,635
"636",3,36,1,1,12,2,2,1,1998,636
"637",1,68,2,1,12,2,3,-100,1998,637
"638",1,55,2,1,12,2,2,-100,1998,638
"639",2,26,2,2,8,1,2,4,1998,639
"640",2,19,2,3,10,1,1,3,1998,640
"641",3,25,1,2,2,2,2,1,1998,641
"642",1,28,2,2,2,2,1,-100,1998,642
"643",1,89,2,1,3,2,2,-100,1998,643
"644",3,85,2,1,8,2,3,-98,1998,644
"645",1,36,2,1,-98,3,1,-100,1998,645
"646",3,53,2,1,11,2,3,1,1998,646
"647",2,42,2,2,12,1,3,2,1998,647
"648",1,65,1,1,12,2,2,-100,1998,648
"649",3,57,2,1,-90,1,2,2,1998,649
"650",1,75,1,1,12,1,3,-100,1998,650
"651",3,55,2,2,12,2,2,1,1998,651
"652",2,39,2,1,12,1,2,2,1998,652
"653",2,39,2,1,12,1,2,3,1998,653
"654",3,78,2,1,-90,2,2,3,1998,654
"655",3,27,2,1,10,3,2,3,1998,655
"656",2,72,2,1,12,2,2,1,1998,656
"657",2,35,2,1,8,2,2,1,1998,657
"658",1,48,2,1,12,2,2,-100,1998,658
"659",1,40,1,1,12,2,2,-100,1998,659
"660",3,29,2,1,9,2,2,3,1998,660
"661",1,89,2,1,-90,2,3,-100,1998,661
"662",3,39,2,1,12,1,2,3,1998,662
"663",1,22,1,1,8,3,2,-100,1998,663
"664",1,21,2,3,9,2,2,-100,1998,664
"665",1,44,2,1,11,2,2,-100,1998,665
"666",2,43,2,1,12,2,4,2,1998,666
"667",2,24,1,1,11,1,1,1,1998,667
"668",3,45,1,1,12,3,3,4,1998,668
"669",1,27,2,1,12,1,2,-100,1998,669
"670",2,26,2,1,10,3,1,2,1998,670
"671",2,35,1,1,12,2,2,3,1998,671
"672",3,53,2,1,12,2,1,1,1998,672
"673",1,34,1,1,12,2,1,-100,1998,673
"674",1,40,2,1,12,1,1,-100,1998,674
"675",1,54,2,1,12,1,1,-100,1998,675
"676",2,62,1,1,12,2,2,1,1998,676
"677",1,62,1,1,9,2,3,-100,1998,677
"678",2,45,1,1,12,1,1,1,1998,678
"679",1,51,1,1,12,1,1,-100,1998,679
"680",2,49,2,2,11,2,2,4,1998,680
"681",3,37,2,1,11,2,1,1,1998,681
"682",2,42,2,1,9,2,1,4,1998,682
"683",1,49,2,1,12,2,1,-100,1998,683
"684",3,40,1,1,12,2,2,1,1998,684
"685",3,25,2,1,12,1,2,2,1998,685
"686",1,31,2,1,12,2,1,-100,1998,686
"687",1,50,2,1,12,3,2,-100,1998,687
"688",2,61,1,1,12,2,2,1,1998,688
"689",1,46,2,2,12,2,2,-100,1998,689
"690",2,73,2,1,9,2,3,1,1998,690
"691",1,56,2,1,10,2,2,-100,1998,691
"692",3,57,2,2,12,3,3,2,1998,692
"693",3,51,2,1,12,2,2,4,1998,693
"694",2,28,1,1,12,1,1,2,1998,694
"695",3,44,2,1,12,2,1,1,1998,695
"696",2,85,2,1,12,3,2,3,1998,696
"697",1,63,2,1,12,1,1,-100,1998,697
"698",1,49,1,1,12,1,2,-100,1998,698
"699",1,39,1,1,12,2,2,-100,1998,699
"700",2,54,2,1,12,1,2,3,1998,700
"701",3,72,2,1,12,2,2,1,1998,701
"702",2,45,1,1,12,1,2,3,1998,702
"703",3,68,2,1,12,1,3,1,1998,703
"704",2,20,1,1,12,2,1,1,1998,704
"705",3,26,1,1,12,2,2,2,1998,705
"706",2,56,2,1,9,2,2,4,1998,706
"707",3,58,2,1,12,2,1,1,1998,707
"708",1,53,2,1,12,1,2,-100,1998,708
"709",2,66,2,1,8,1,2,3,1998,709
"710",3,77,1,1,10,2,2,1,1998,710
"711",1,23,2,1,12,1,1,-100,1998,711
"712",2,47,2,1,12,2,1,1,1998,712
"713",3,47,2,1,12,2,1,2,1998,713
"714",2,54,1,1,12,1,1,1,1998,714
"715",2,55,1,1,12,3,1,2,1998,715
"716",2,34,2,1,10,2,2,2,1998,716
"717",1,40,2,1,-90,1,1,-100,1998,717
"718",3,53,2,1,12,1,1,2,1998,718
"719",1,31,2,1,12,1,1,-100,1998,719
"720",3,56,1,1,12,2,2,2,1998,720
"721",2,38,2,1,10,1,2,2,1998,721
"722",3,66,2,1,12,1,1,2,1998,722
"723",2,31,1,1,12,2,1,2,1998,723
"724",1,82,1,1,12,2,4,-100,1998,724
"725",3,36,2,1,12,1,1,3,1998,725
"726",3,85,2,1,7,1,1,1,1998,726
"727",2,58,2,1,12,2,2,2,1998,727
"728",3,70,2,1,-90,2,2,2,1998,728
"729",2,41,1,1,12,2,2,2,1998,729
"730",2,87,2,1,8,2,2,3,1998,730
"731",3,76,1,1,10,2,3,1,1998,731
"732",1,61,2,1,6,3,3,-100,1998,732
"733",2,67,2,1,12,3,2,3,1998,733
"734",3,57,2,1,11,1,3,3,1998,734
"735",1,25,2,1,10,2,2,-100,1998,735
"736",1,49,1,1,12,2,3,-100,1998,736
"737",2,35,2,1,12,2,2,1,1998,737
"738",3,64,1,1,11,2,4,1,1998,738
"739",2,37,1,1,12,1,1,1,1998,739
"740",3,44,1,1,12,2,2,2,1998,740
"741",1,56,2,1,12,1,1,-100,1998,741
"742",2,40,1,1,12,2,2,2,1998,742
"743",1,33,2,1,12,1,1,-100,1998,743
"744",3,33,2,1,12,1,1,2,1998,744
"745",1,59,1,1,12,1,2,-100,1998,745
"746",2,47,2,1,12,2,1,2,1998,746
"747",3,40,1,1,12,2,1,3,1998,747
"748",2,52,2,1,12,2,2,1,1998,748
"749",1,40,1,1,12,2,2,-100,1998,749
"750",3,55,1,1,-90,2,1,2,1998,750
"751",3,69,2,1,11,1,4,1,1998,751
"752",1,75,2,1,12,1,2,-100,1998,752
"753",2,23,1,1,9,1,1,2,1998,753
"754",3,23,2,1,12,2,1,3,1998,754
"755",2,25,2,1,5,1,3,3,1998,755
"756",3,75,2,1,9,1,1,3,1998,756
"757",1,57,2,3,9,2,2,-100,1998,757
"758",1,28,1,1,11,2,1,-100,1998,758
"759",2,20,2,1,-98,1,1,2,1998,759
"760",3,27,1,3,12,1,1,2,1998,760
"761",3,37,2,1,11,2,2,2,1998,761
"762",1,32,1,1,12,3,3,-100,1998,762
"763",1,56,2,1,12,1,2,-100,1998,763
"764",1,56,2,1,12,1,1,-100,1998,764
"765",3,87,2,1,10,1,1,1,1998,765
"766",2,60,1,1,12,2,3,1,1998,766
"767",2,87,2,1,9,2,3,2,1998,767
"768",3,40,2,1,11,3,1,1,1998,768
"769",2,60,1,1,12,2,2,2,1998,769
"770",2,34,1,1,12,2,2,3,1998,770
"771",3,38,1,1,12,2,2,2,1998,771
"772",3,54,1,1,12,2,3,2,1998,772
"773",2,33,1,1,12,2,3,3,1998,773
"774",2,32,1,1,11,1,2,2,1998,774
"775",3,36,1,1,12,1,2,3,1998,775
"776",3,25,2,1,12,2,2,2,1998,776
"777",1,27,2,1,-90,1,1,-100,1998,777
"778",3,70,1,1,9,2,3,2,1998,778
"779",2,51,2,1,12,1,1,2,1998,779
"780",3,26,1,1,1,1,2,2,1998,780
"781",3,29,1,1,12,2,3,2,1998,781
"782",2,46,1,1,12,2,1,3,1998,782
"783",2,34,1,1,-90,2,2,4,1998,783
"784",1,72,1,1,12,2,3,-100,1998,784
"785",2,71,2,1,1,2,2,1,1998,785
"786",3,81,2,1,5,2,3,3,1998,786
"787",2,80,1,1,9,2,3,2,1998,787
"788",3,72,1,1,5,3,4,5,1998,788
"789",1,55,2,1,-90,2,3,-100,1998,789
"790",2,81,2,1,-90,2,3,4,1998,790
"791",2,61,2,1,12,2,4,1,1998,791
"792",1,29,2,1,10,2,2,-100,1998,792
"793",1,20,2,1,9,2,2,-100,1998,793
"794",2,21,1,1,12,2,1,3,1998,794
"795",3,73,2,1,10,2,1,1,1998,795
"796",1,72,2,1,-90,1,2,-100,1998,796
"797",1,22,1,1,12,2,1,-100,1998,797
"798",1,47,1,1,-90,2,3,-100,1998,798
"799",3,69,2,1,-90,1,3,1,1998,799
"800",3,46,2,1,11,3,1,3,1998,800
"801",2,68,2,2,12,1,2,1,1998,801
"802",1,24,1,1,4,2,1,-100,1998,802
"803",1,68,1,2,12,2,2,-100,1998,803
"804",2,36,2,1,12,1,2,2,1998,804
"805",1,39,1,1,12,2,3,-100,1998,805
"806",2,27,1,1,12,2,3,2,1998,806
"807",3,28,1,1,12,2,2,3,1998,807
"808",3,32,2,1,5,1,2,3,1998,808
"809",3,22,2,1,10,3,1,3,1998,809
"810",1,87,2,1,-90,2,2,-100,1998,810
"811",2,52,2,1,12,2,2,4,1998,811
"812",2,73,2,1,12,1,2,1,1998,812
"813",2,41,1,1,12,2,1,3,1998,813
"814",2,30,2,1,12,1,1,1,1998,814
"815",1,70,2,1,12,1,2,-100,1998,815
"816",2,72,2,1,12,2,1,3,1998,816
"817",3,83,2,1,1,3,2,3,1998,817
"818",3,34,2,1,12,1,1,1,1998,818
"819",3,39,1,1,12,1,1,1,1998,819
"820",3,58,2,1,12,1,2,2,1998,820
"821",3,45,1,1,12,3,3,1,1998,821
"822",1,72,2,1,12,2,2,-100,1998,822
"823",2,61,2,1,12,1,1,2,1998,823
"824",2,54,2,1,12,2,4,1,1998,824
"825",1,65,2,1,11,2,2,-100,1998,825
"826",1,39,1,1,12,1,1,-100,1998,826
"827",1,73,1,1,-98,2,3,-100,1998,827
"828",1,70,2,1,-90,2,1,-100,1998,828
"829",3,79,1,1,12,1,2,2,1998,829
"830",2,74,1,1,12,1,2,1,1998,830
"831",1,38,2,1,12,1,1,-100,1998,831
"832",2,79,1,1,-90,1,2,2,1998,832
"833",3,56,1,1,12,1,1,2,1998,833
"834",1,71,1,1,12,2,2,-100,1998,834
"835",3,84,1,1,-90,1,1,1,1998,835
"836",3,51,2,1,9,2,3,5,1998,836
"837",1,57,2,1,1,2,3,-100,1998,837
"838",3,73,2,1,12,-99,4,3,1998,838
"839",3,43,1,1,12,1,2,1,1998,839
"840",1,53,2,1,12,2,2,-100,1998,840
"841",2,87,2,1,-98,-99,2,3,1998,841
"842",1,39,2,1,12,2,2,-100,1998,842
"843",2,25,1,1,12,2,1,2,1998,843
"844",2,78,2,1,12,2,3,1,1998,844
"845",2,75,2,2,9,3,4,4,1998,845
"846",1,53,1,1,12,2,3,-100,1998,846
"847",3,52,1,2,9,3,3,-98,1998,847
"848",1,30,1,1,12,2,2,-100,1998,848
"849",1,32,2,2,12,2,2,-100,1998,849
"850",3,47,2,1,-90,2,2,3,1998,850
"851",3,26,1,2,10,2,3,2,1998,851
"852",1,22,2,1,11,2,1,-100,1998,852
"853",1,37,2,1,12,1,1,-100,1998,853
"854",3,37,2,1,9,2,2,1,1998,854
"855",1,25,2,1,2,2,1,-100,1998,855
"856",2,20,2,1,4,3,2,-98,1998,856
"857",1,69,2,1,9,2,2,-100,1998,857
"858",1,80,2,1,8,2,2,-100,1998,858
"859",3,86,2,1,6,3,4,2,1998,859
"860",2,82,2,1,8,2,-99,3,1998,860
"861",3,73,2,1,9,3,4,1,1998,861
"862",3,74,2,1,7,3,4,2,1998,862
"863",3,54,1,1,10,3,4,4,1998,863
"864",2,61,1,1,6,2,4,3,1998,864
"865",1,51,2,1,-90,1,1,-100,1998,865
"866",2,45,1,1,12,2,2,3,1998,866
"867",1,43,2,1,12,1,2,-100,1998,867
"868",1,52,1,1,12,1,2,-100,1998,868
"869",2,67,2,1,12,1,2,1,1998,869
"870",3,49,2,1,-99,1,1,1,1998,870
"871",2,19,2,1,-98,2,1,3,1998,871
"872",1,51,2,1,12,2,2,-100,1998,872
"873",3,62,1,1,12,1,1,1,1998,873
"874",3,35,2,1,12,3,2,1,1998,874
"875",2,75,1,2,11,2,3,1,1998,875
"876",3,19,1,1,-98,2,2,2,1998,876
"877",3,34,1,1,12,1,1,2,1998,877
"878",1,33,1,3,12,2,2,-100,1998,878
"879",3,75,2,1,10,2,2,3,1998,879
"880",2,30,2,1,12,1,2,3,1998,880
"881",1,53,2,1,12,2,2,-100,1998,881
"882",3,23,1,2,10,2,3,4,1998,882
"883",3,47,1,1,12,2,3,1,1998,883
"884",1,19,2,2,10,2,1,-100,1998,884
"885",2,76,2,1,10,2,2,1,1998,885
"886",2,67,2,1,12,2,2,1,1998,886
"887",2,42,2,1,12,1,2,1,1998,887
"888",1,28,2,3,3,2,2,-100,1998,888
"889",2,36,2,2,5,1,1,1,1998,889
"890",1,29,1,2,10,2,1,-100,1998,890
"891",3,19,2,2,1,2,2,1,1998,891
"892",3,62,2,2,-90,2,4,2,1998,892
"893",1,24,2,2,1,1,1,-100,1998,893
"894",3,28,2,2,5,3,3,5,1998,894
"895",2,47,1,1,12,2,2,2,1998,895
"896",3,40,1,1,3,2,2,1,1998,896
"897",2,48,1,1,12,3,3,1,1998,897
"898",3,71,2,1,11,1,2,2,1998,898
"899",2,47,1,3,1,1,4,5,1998,899
"900",3,42,1,1,12,2,2,1,1998,900
"901",2,30,1,1,9,3,3,5,1998,901
"902",1,55,1,1,12,3,2,-100,1998,902
"903",3,33,1,1,-98,3,2,3,1998,903
"904",2,35,1,2,12,2,2,2,1998,904
"905",2,31,1,2,12,1,1,1,1998,905
"906",1,50,1,1,12,2,3,-100,1998,906
"907",1,71,2,1,12,3,2,-100,1998,907
"908",3,28,1,1,12,1,1,3,1998,908
"909",1,66,2,1,9,3,2,-100,1998,909
"910",1,80,2,1,9,3,4,-100,1998,910
"911",2,45,1,1,12,2,2,2,1998,911
"912",3,39,2,1,12,1,2,1,1998,912
"913",2,73,2,1,10,2,4,2,1998,913
"914",2,35,1,1,12,2,2,2,1998,914
"915",1,62,2,1,10,2,3,-100,1998,915
"916",2,41,2,1,12,3,2,1,1998,916
"917",1,60,2,1,12,2,4,-100,1998,917
"918",1,51,1,1,8,1,3,-100,1998,918
"919",2,71,2,1,-98,3,2,3,1998,919
"920",1,46,2,1,12,1,1,-100,1998,920
"921",2,19,2,3,1,2,3,1,1998,921
"922",3,43,1,3,6,3,2,4,1998,922
"923",3,28,2,1,12,2,2,1,1998,923
"924",3,65,1,1,12,1,1,1,1998,924
"925",2,33,1,1,12,2,1,1,1998,925
"926",1,26,2,3,12,2,1,-100,1998,926
"927",1,34,2,1,12,2,2,-100,1998,927
"928",2,38,2,1,12,2,1,2,1998,928
"929",1,21,1,1,11,1,2,-100,1998,929
"930",1,61,2,1,12,2,2,-100,1998,930
"931",1,30,1,1,12,2,2,-100,1998,931
"932",2,37,2,1,12,2,2,4,1998,932
"933",3,37,2,1,12,1,1,1,1998,933
"934",2,79,2,1,12,1,2,2,1998,934
"935",3,32,2,1,10,2,2,4,1998,935
"936",1,34,2,1,11,3,2,-100,1998,936
"937",1,30,1,1,12,1,1,-100,1998,937
"938",3,19,2,1,12,2,1,3,1998,938
"939",3,46,2,1,12,2,2,1,1998,939
"940",1,48,2,1,12,1,1,-100,1998,940
"941",2,31,1,1,12,2,1,3,1998,941
"942",1,67,2,1,9,2,4,-100,1998,942
"943",3,27,2,1,10,3,3,1,1998,943
"944",1,44,1,1,12,2,1,-100,1998,944
"945",2,51,2,1,12,2,3,2,1998,945
"946",3,30,2,1,12,2,1,1,1998,946
"947",1,45,2,1,12,2,3,-100,1998,947
"948",2,32,1,1,9,1,1,3,1998,948
"949",3,67,2,3,12,1,2,3,1998,949
"950",2,63,2,1,12,2,1,3,1998,950
"951",3,69,1,1,12,2,1,3,1998,951
"952",1,31,2,1,12,1,1,-100,1998,952
"953",2,36,1,1,12,2,1,2,1998,953
"954",2,20,2,3,9,2,2,3,1998,954
"955",3,39,1,1,12,2,2,2,1998,955
"956",2,36,2,1,12,1,1,1,1998,956
"957",3,22,1,3,12,2,2,1,1998,957
"958",1,31,2,1,12,1,1,-100,1998,958
"959",1,35,2,1,12,2,2,-100,1998,959
"960",3,47,1,1,12,1,2,2,1998,960
"961",3,46,2,1,12,1,2,3,1998,961
"962",1,40,2,1,12,1,2,-100,1998,962
"963",3,63,1,1,12,1,4,1,1998,963
"964",3,73,2,1,-98,2,2,2,1998,964
"965",2,82,2,1,11,2,2,2,1998,965
"966",1,63,2,1,2,1,1,-100,1998,966
"967",1,41,1,1,12,1,1,-100,1998,967
"968",2,67,2,1,9,2,3,2,1998,968
"969",3,41,1,1,12,1,1,2,1998,969
"970",1,67,2,1,-90,2,1,-100,1998,970
"971",2,30,1,1,11,1,2,2,1998,971
"972",3,29,1,2,4,1,3,-98,1998,972
"973",2,24,1,1,1,2,2,4,1998,973
"974",3,40,2,1,6,3,3,5,1998,974
"975",3,23,2,1,9,2,1,2,1998,975
"976",1,29,1,3,10,2,2,-100,1998,976
"977",2,37,1,1,12,2,3,3,1998,977
"978",1,26,2,1,12,3,2,-100,1998,978
"979",2,69,1,1,10,2,3,1,1998,979
"980",3,28,2,1,12,2,2,1,1998,980
"981",1,75,2,1,-98,2,3,-100,1998,981
"982",1,34,2,1,12,1,1,-100,1998,982
"983",2,21,1,1,12,2,1,3,1998,983
"984",2,63,2,1,12,2,2,2,1998,984
"985",2,63,2,1,12,1,1,1,1998,985
"986",1,58,2,1,11,2,2,-100,1998,986
"987",2,78,2,1,-98,1,2,3,1998,987
"988",3,52,1,1,12,1,1,3,1998,988
"989",2,80,2,1,-90,1,3,1,1998,989
"990",3,33,1,1,12,1,1,1,1998,990
"991",1,39,2,1,12,1,1,-100,1998,991
"992",1,35,1,1,12,2,3,-100,1998,992
"993",2,28,1,1,-90,2,2,2,1998,993
"994",1,36,2,1,4,1,2,-100,1998,994
"995",3,56,2,1,12,1,1,2,1998,995
"996",2,22,2,1,12,1,2,1,1998,996
"997",1,72,1,1,11,2,3,-100,1998,997
"998",1,74,2,1,-90,2,2,-100,1998,998
"999",1,45,2,1,12,2,1,-100,1998,999
"1000",2,33,2,1,12,2,2,5,1998,1000
"1001",2,32,2,1,12,2,3,2,1998,1001
"1002",3,49,2,1,10,2,2,2,1998,1002
"1003",3,47,2,1,12,2,2,2,1998,1003
"1004",2,51,2,1,-90,1,1,1,1998,1004
"1005",2,45,2,1,12,2,2,1,1998,1005
"1006",3,55,1,1,12,2,1,2,1998,1006
"1007",1,82,2,1,-90,1,1,-100,1998,1007
"1008",1,42,1,1,5,2,3,-100,1998,1008
"1009",1,27,1,1,11,2,2,-100,1998,1009
"1010",2,20,2,1,10,2,2,3,1998,1010
"1011",3,33,2,1,12,1,2,2,1998,1011
"1012",2,63,1,1,-90,2,4,1,1998,1012
"1013",2,19,2,3,2,2,2,2,1998,1013
"1014",1,45,1,1,9,3,4,-100,1998,1014
"1015",3,43,2,3,12,1,2,3,1998,1015
"1016",3,67,2,1,-90,1,1,1,1998,1016
"1017",1,45,2,3,12,1,1,-100,1998,1017
"1018",2,34,1,3,12,3,2,3,1998,1018
"1019",1,37,1,3,12,2,3,-100,1998,1019
"1020",2,32,2,3,3,3,2,2,1998,1020
"1021",3,37,2,1,12,1,2,3,1998,1021
"1022",2,49,2,3,11,2,2,1,1998,1022
"1023",1,39,2,3,10,2,3,-100,1998,1023
"1024",1,51,2,1,12,2,1,-100,1998,1024
"1025",1,33,2,1,8,3,2,-100,1998,1025
"1026",1,64,2,3,9,2,4,-100,1998,1026
"1027",3,36,1,1,4,3,3,5,1998,1027
"1028",3,34,2,3,12,1,1,3,1998,1028
"1029",1,87,2,1,12,2,4,-100,1998,1029
"1030",3,19,2,1,-98,3,2,3,1998,1030
"1031",2,39,2,2,12,2,1,3,1998,1031
"1032",3,50,2,3,12,2,4,2,1998,1032
"1033",2,40,1,1,12,2,4,-98,1998,1033
"1034",2,51,2,1,12,3,1,3,1998,1034
"1035",3,36,2,3,8,1,2,1,1998,1035
"1036",1,23,1,3,12,2,3,-100,1998,1036
"1037",3,21,2,3,12,2,2,2,1998,1037
"1038",2,36,1,2,11,2,2,2,1998,1038
"1039",2,23,1,3,10,2,2,2,1998,1039
"1040",3,28,2,2,11,2,3,2,1998,1040
"1041",3,18,2,1,-98,2,2,2,1998,1041
"1042",1,51,2,1,12,2,2,-100,1998,1042
"1043",2,43,1,1,12,1,1,2,1998,1043
"1044",2,20,2,3,4,2,2,2,1998,1044
"1045",2,65,2,1,8,2,2,2,1998,1045
"1046",3,56,2,3,12,2,2,1,1998,1046
"1047",3,34,2,1,12,1,1,2,1998,1047
"1048",3,18,1,3,-98,2,2,1,1998,1048
"1049",2,86,1,1,-90,2,3,1,1998,1049
"1050",1,21,2,3,9,3,2,-100,1998,1050
"1051",1,63,2,3,8,2,2,-100,1998,1051
"1052",3,40,1,1,12,1,2,1,1998,1052
"1053",2,65,1,1,12,1,2,1,1998,1053
"1054",1,50,2,1,12,1,1,-100,1998,1054
"1055",1,38,1,1,12,2,2,-100,1998,1055
"1056",3,85,1,1,12,2,1,1,1998,1056
"1057",3,23,2,1,12,2,2,3,1998,1057
"1058",3,41,1,1,11,2,1,4,1998,1058
"1059",1,47,1,1,12,2,3,-100,1998,1059
"1060",2,40,2,1,12,2,2,4,1998,1060
"1061",1,33,2,1,11,2,2,-100,1998,1061
"1062",3,45,1,2,1,2,1,2,1998,1062
"1063",2,75,2,1,9,2,2,3,1998,1063
"1064",3,32,2,1,-98,1,1,3,1998,1064
"1065",2,61,1,1,12,1,2,1,1998,1065
"1066",1,44,1,1,11,2,3,-100,1998,1066
"1067",2,36,1,1,11,2,1,2,1998,1067
"1068",3,33,1,1,12,2,2,2,1998,1068
"1069",2,30,1,1,12,2,2,2,1998,1069
"1070",3,24,2,1,11,2,2,4,1998,1070
"1071",1,87,1,3,2,3,3,-100,1998,1071
"1072",2,62,1,1,12,1,1,3,1998,1072
"1073",1,20,2,1,11,2,3,-100,1998,1073
"1074",3,27,1,1,11,1,1,1,1998,1074
"1075",3,41,2,1,12,2,2,2,1998,1075
"1076",3,24,1,1,11,3,2,2,1998,1076
"1077",1,47,1,1,12,2,2,-100,1998,1077
"1078",3,89,2,1,-98,1,2,3,1998,1078
"1079",2,49,1,1,12,2,1,1,1998,1079
"1080",1,24,2,1,12,1,2,-100,1998,1080
"1081",1,20,1,1,12,3,2,-100,1998,1081
"1082",2,41,1,1,12,1,1,1,1998,1082
"1083",2,19,1,1,12,2,2,2,1998,1083
"1084",2,66,2,1,-90,2,2,2,1998,1084
"1085",1,42,2,1,-90,2,2,-100,1998,1085
"1086",1,34,2,1,9,2,2,-100,1998,1086
"1087",2,42,1,1,12,2,2,1,1998,1087
"1088",1,34,1,1,12,2,1,-100,1998,1088
"1089",2,68,2,1,-98,1,-99,1,1998,1089
"1090",2,63,1,1,12,1,1,1,1998,1090
"1091",2,60,2,1,12,2,2,1,1998,1091
"1092",1,32,1,1,12,1,2,-100,1998,1092
"1093",2,77,2,1,-90,1,2,1,1998,1093
"1094",1,25,2,1,12,2,1,-100,1998,1094
"1095",2,39,1,1,12,2,2,3,1998,1095
"1096",1,27,2,1,10,3,3,-100,1998,1096
"1097",1,39,2,1,11,2,3,-100,1998,1097
"1098",3,57,2,1,-90,2,2,2,1998,1098
"1099",1,35,2,2,12,2,1,-100,1998,1099
"1100",3,24,2,3,-98,3,1,3,1998,1100
"1101",2,51,1,2,11,3,2,1,1998,1101
"1102",2,41,2,3,12,3,3,2,1998,1102
"1103",1,24,2,2,11,2,1,-100,1998,1103
"1104",1,40,1,1,12,2,1,-100,1998,1104
"1105",2,64,1,1,12,2,1,2,1998,1105
"1106",3,49,1,1,12,2,1,2,1998,1106
"1107",2,49,1,1,12,1,1,2,1998,1107
"1108",2,68,2,1,12,1,1,1,1998,1108
"1109",1,55,2,1,12,1,2,-100,1998,1109
"1110",1,53,1,1,12,2,1,-100,1998,1110
"1111",3,62,1,1,9,2,1,2,1998,1111
"1112",2,84,2,1,9,1,1,1,1998,1112
"1113",2,32,1,1,11,2,1,4,1998,1113
"1114",3,81,2,1,9,1,2,1,1998,1114
"1115",2,23,1,1,12,1,2,1,1998,1115
"1116",3,31,2,1,9,1,2,3,1998,1116
"1117",1,73,2,1,6,2,2,-100,1998,1117
"1118",3,30,1,1,12,2,1,2,1998,1118
"1119",2,40,1,1,-98,2,2,3,1998,1119
"1120",2,63,2,1,-90,1,2,2,1998,1120
"1121",1,68,1,1,10,1,2,-100,1998,1121
"1122",2,43,2,1,-98,2,3,4,1998,1122
"1123",1,28,2,1,12,1,1,-100,1998,1123
"1124",3,34,2,1,12,1,1,2,1998,1124
"1125",2,72,2,1,12,-99,2,1,1998,1125
"1126",3,67,1,1,8,2,2,3,1998,1126
"1127",1,66,2,1,12,2,2,-100,1998,1127
"1128",1,40,2,1,12,2,2,-100,1998,1128
"1129",3,70,1,1,12,1,2,2,1998,1129
"1130",2,39,1,1,11,1,2,5,1998,1130
"1131",1,84,2,1,12,1,1,-100,1998,1131
"1132",1,75,1,1,12,1,3,-100,1998,1132
"1133",1,43,2,1,12,2,2,-100,1998,1133
"1134",2,82,1,1,-90,1,2,2,1998,1134
"1135",3,34,1,1,12,2,2,1,1998,1135
"1136",2,56,2,1,12,1,1,2,1998,1136
"1137",3,40,1,1,12,2,1,1,1998,1137
"1138",1,53,2,1,12,2,4,-100,1998,1138
"1139",1,36,2,1,10,2,2,-100,1998,1139
"1140",3,74,1,1,12,2,2,3,1998,1140
"1141",1,59,2,1,12,1,2,-100,1998,1141
"1142",1,51,1,2,12,2,2,-100,1998,1142
"1143",2,45,1,2,12,1,1,1,1998,1143
"1144",2,33,2,1,12,2,2,2,1998,1144
"1145",2,53,1,1,-90,1,2,3,1998,1145
"1146",3,45,2,2,9,3,3,2,1998,1146
"1147",3,66,1,1,12,2,1,3,1998,1147
"1148",2,65,2,1,6,2,3,3,1998,1148
"1149",1,79,2,1,-98,1,4,-100,1998,1149
"1150",3,73,2,1,11,1,1,3,1998,1150
"1151",1,56,2,1,6,3,4,-100,1998,1151
"1152",2,48,2,1,11,1,1,3,1998,1152
"1153",3,29,1,1,11,2,2,1,1998,1153
"1154",3,44,1,1,12,2,2,2,1998,1154
"1155",3,34,1,1,10,2,2,1,1998,1155
"1156",2,35,2,2,8,2,3,3,1998,1156
"1157",2,58,1,1,12,2,3,2,1998,1157
"1158",1,39,1,1,10,2,2,-100,1998,1158
"1159",3,35,2,1,11,2,2,3,1998,1159
"1160",3,45,1,2,4,1,1,1,1998,1160
"1161",3,44,1,2,11,3,2,1,1998,1161
"1162",3,51,2,1,12,2,2,1,1998,1162
"1163",2,70,1,1,11,1,2,1,1998,1163
"1164",3,63,1,1,12,1,2,2,1998,1164
"1165",1,31,2,2,11,1,2,-100,1998,1165
"1166",2,42,2,2,11,2,2,1,1998,1166
"1167",2,73,2,2,7,2,3,2,1998,1167
"1168",1,34,2,1,11,1,2,-100,1998,1168
"1169",2,22,1,1,11,3,1,4,1998,1169
"1170",1,43,1,1,12,2,1,-100,1998,1170
"1171",2,47,2,1,12,2,2,4,1998,1171
"1172",2,74,2,1,12,2,2,1,1998,1172
"1173",1,40,2,1,12,1,1,-100,1998,1173
"1174",2,38,2,1,12,1,3,1,1998,1174
"1175",3,43,1,1,11,2,1,3,1998,1175
"1176",3,41,1,1,11,2,2,3,1998,1176
"1177",3,39,2,1,12,2,1,4,1998,1177
"1178",2,51,1,1,12,1,1,1,1998,1178
"1179",2,39,1,1,12,1,1,1,1998,1179
"1180",1,33,2,1,12,2,2,-100,1998,1180
"1181",3,42,1,1,12,2,2,1,1998,1181
"1182",3,44,2,1,12,2,2,1,1998,1182
"1183",2,53,1,3,10,2,3,1,1998,1183
"1184",2,55,2,1,12,1,3,1,1998,1184
"1185",3,37,2,2,12,2,2,2,1998,1185
"1186",2,26,1,1,12,2,2,4,1998,1186
"1187",3,51,1,2,-90,2,2,4,1998,1187
"1188",2,37,1,1,11,2,2,3,1998,1188
"1189",3,31,1,2,-90,1,2,5,1998,1189
"1190",3,21,2,1,-98,1,1,3,1998,1190
"1191",2,41,2,1,12,2,1,4,1998,1191
"1192",1,49,2,1,12,2,2,-100,1998,1192
"1193",3,40,1,3,12,3,2,2,1998,1193
"1194",1,30,1,1,12,2,2,-100,1998,1194
"1195",3,60,1,1,7,3,4,5,1998,1195
"1196",3,38,1,1,-98,3,4,4,1998,1196
"1197",1,56,1,1,11,2,2,-100,1998,1197
"1198",3,21,1,1,12,3,2,1,1998,1198
"1199",1,22,2,1,12,2,2,-100,1998,1199
"1200",2,28,2,1,12,2,2,2,1998,1200
"1201",1,22,1,1,10,3,3,-100,1998,1201
"1202",2,32,2,1,1,1,1,2,1998,1202
"1203",3,29,2,2,9,2,3,2,1998,1203
"1204",2,35,2,1,12,2,1,1,1998,1204
"1205",3,59,1,1,12,1,1,4,1998,1205
"1206",3,48,1,1,12,2,1,2,1998,1206
"1207",1,21,2,1,10,3,3,-100,1998,1207
"1208",3,31,2,2,9,2,2,-98,1998,1208
"1209",2,89,2,1,12,1,3,1,1998,1209
"1210",3,87,2,1,9,1,1,1,1998,1210
"1211",2,47,2,2,10,3,3,2,1998,1211
"1212",3,41,1,1,12,1,3,1,1998,1212
"1213",3,79,2,1,9,2,3,1,1998,1213
"1214",3,75,2,1,9,1,3,2,1998,1214
"1215",1,35,1,1,10,2,2,-100,1998,1215
"1216",1,48,2,1,12,2,1,-100,1998,1216
"1217",2,52,1,1,12,2,2,2,1998,1217
"1218",1,38,1,1,-90,2,1,-100,1998,1218
"1219",2,52,2,1,12,1,2,1,1998,1219
"1220",2,24,2,1,12,1,2,1,1998,1220
"1221",3,77,1,1,12,2,4,1,1998,1221
"1222",1,23,2,1,12,2,1,-100,1998,1222
"1223",3,42,1,1,12,2,1,2,1998,1223
"1224",1,38,2,1,12,1,1,-100,1998,1224
"1225",1,36,2,1,12,1,2,-100,1998,1225
"1226",3,19,2,1,12,2,2,2,1998,1226
"1227",2,27,1,1,12,1,1,1,1998,1227
"1228",2,31,1,1,12,2,1,1,1998,1228
"1229",1,26,1,1,12,2,2,-100,1998,1229
"1230",2,46,2,1,12,2,1,2,1998,1230
"1231",3,64,2,1,12,1,2,4,1998,1231
"1232",1,39,1,1,12,3,2,-100,1998,1232
"1233",1,26,2,1,12,1,2,-100,1998,1233
"1234",2,37,1,1,12,2,1,1,1998,1234
"1235",3,44,2,1,12,2,1,1,1998,1235
"1236",1,36,1,1,12,2,1,-100,1998,1236
"1237",3,27,2,1,9,2,2,4,1998,1237
"1238",2,31,1,1,10,3,2,2,1998,1238
"1239",2,38,1,1,8,2,2,4,1998,1239
"1240",3,19,2,1,8,3,3,5,1998,1240
"1241",2,34,2,1,3,2,2,1,1998,1241
"1242",1,23,1,1,12,1,2,-100,1998,1242
"1243",3,33,1,1,12,2,3,4,1998,1243
"1244",3,22,1,3,12,2,2,1,1998,1244
"1245",1,22,1,1,8,2,2,-100,1998,1245
"1246",2,47,2,1,10,3,4,4,1998,1246
"1247",1,21,2,1,10,1,2,-100,1998,1247
"1248",3,33,1,1,11,1,2,3,1998,1248
"1249",3,29,1,1,12,2,2,2,1998,1249
"1250",3,58,1,1,12,2,2,4,1998,1250
"1251",2,42,2,1,11,2,1,4,1998,1251
"1252",2,70,2,1,-90,1,2,1,1998,1252
"1253",1,48,1,1,11,2,2,-100,1998,1253
"1254",2,58,2,1,12,2,1,1,1998,1254
"1255",2,27,2,1,10,3,1,2,1998,1255
"1256",3,24,1,1,11,1,2,1,1998,1256
"1257",3,21,2,1,11,2,2,2,1998,1257
"1258",1,47,1,1,12,2,2,-100,1998,1258
"1259",1,56,2,1,-98,3,1,-100,1998,1259
"1260",3,58,1,1,11,2,2,1,1998,1260
"1261",1,32,2,1,12,2,2,-100,1998,1261
"1262",2,32,2,1,11,1,2,3,1998,1262
"1263",2,54,1,1,12,2,1,1,1998,1263
"1264",1,59,2,1,10,2,4,-100,1998,1264
"1265",2,31,1,1,9,3,2,5,1998,1265
"1266",2,46,2,1,12,2,3,3,1998,1266
"1267",1,48,1,1,12,2,3,-100,1998,1267
"1268",1,46,2,1,12,2,2,-100,1998,1268
"1269",3,34,2,1,12,2,2,3,1998,1269
"1270",1,46,2,1,12,1,1,-100,1998,1270
"1271",3,44,2,1,12,1,1,1,1998,1271
"1272",2,40,2,1,12,1,1,1,1998,1272
"1273",1,40,1,1,12,1,1,-100,1998,1273
"1274",3,38,1,1,12,2,2,1,1998,1274
"1275",1,41,1,1,12,1,1,-100,1998,1275
"1276",2,50,1,1,12,2,1,1,1998,1276
"1277",1,40,2,1,1,1,1,-100,1998,1277
"1278",1,31,1,1,12,2,1,-100,1998,1278
"1279",1,56,1,1,-90,2,1,-100,1998,1279
"1280",2,79,2,1,12,2,2,2,1998,1280
"1281",3,36,1,1,12,1,2,3,1998,1281
"1282",2,42,2,1,12,1,1,1,1998,1282
"1283",1,67,1,1,12,1,2,-100,1998,1283
"1284",3,40,2,1,12,2,1,2,1998,1284
"1285",2,49,2,1,12,2,2,2,1998,1285
"1286",2,25,1,3,12,1,2,1,1998,1286
"1287",1,28,1,1,12,2,2,-100,1998,1287
"1288",3,35,2,1,12,1,1,2,1998,1288
"1289",2,33,1,1,12,2,2,3,1998,1289
"1290",2,34,2,1,11,2,2,2,1998,1290
"1291",3,61,1,1,1,2,2,1,1998,1291
"1292",3,52,2,1,12,2,3,2,1998,1292
"1293",2,32,1,1,12,2,3,2,1998,1293
"1294",2,77,1,1,11,3,3,1,1998,1294
"1295",3,80,1,1,-90,1,2,3,1998,1295
"1296",2,41,2,1,12,2,1,3,1998,1296
"1297",3,73,2,1,-90,2,2,1,1998,1297
"1298",1,30,2,1,12,2,2,-100,1998,1298
"1299",2,41,1,1,11,2,2,4,1998,1299
"1300",3,45,2,1,12,1,2,1,1998,1300
"1301",2,20,2,1,-98,2,2,2,1998,1301
"1302",3,41,2,1,12,2,2,3,1998,1302
"1303",1,41,2,2,7,2,2,-100,1998,1303
"1304",1,29,2,1,9,1,1,-100,1998,1304
"1305",2,21,2,1,9,2,2,1,1998,1305
"1306",1,58,2,1,12,3,3,-100,1998,1306
"1307",3,23,2,1,9,1,2,5,1998,1307
"1308",1,37,2,1,12,2,3,-100,1998,1308
"1309",1,71,1,1,12,2,4,-100,1998,1309
"1310",2,31,2,2,12,2,2,4,1998,1310
"1311",3,31,2,1,4,2,1,5,1998,1311
"1312",3,22,2,1,10,2,2,3,1998,1312
"1313",3,68,2,1,11,3,2,4,1998,1313
"1314",2,51,2,1,12,2,2,3,1998,1314
"1315",3,65,2,1,9,2,2,1,1998,1315
"1316",3,27,1,3,12,3,4,2,1998,1316
"1317",3,43,1,1,1,3,4,4,1998,1317
"1318",2,37,2,1,12,2,2,1,1998,1318
"1319",1,54,1,1,9,3,4,-100,1998,1319
"1320",2,38,2,3,12,3,2,2,1998,1320
"1321",3,28,2,3,9,2,2,4,1998,1321
"1322",1,21,1,3,12,2,2,-100,1998,1322
"1323",1,49,2,3,12,1,2,-100,1998,1323
"1324",3,31,2,3,12,1,1,1,1998,1324
"1325",3,46,1,1,12,1,-99,1,1998,1325
"1326",1,35,2,1,-98,2,3,-100,1998,1326
"1327",1,77,1,1,-98,2,2,-100,1998,1327
"1328",1,40,1,1,4,2,2,-100,1998,1328
"1329",1,22,1,1,11,2,1,-100,1998,1329
"1330",2,36,2,1,12,1,2,1,1998,1330
"1331",3,23,2,1,2,1,1,1,1998,1331
"1332",3,32,2,1,12,3,3,1,1998,1332
"1333",3,34,1,2,-90,2,1,-98,1998,1333
"1334",2,56,1,2,12,2,1,2,1998,1334
"1335",1,43,1,1,12,2,2,-100,1998,1335
"1336",1,35,1,3,12,2,3,-100,1998,1336
"1337",3,30,1,1,-98,1,2,5,1998,1337
"1338",1,34,2,1,12,1,1,-100,1998,1338
"1339",3,32,1,1,12,1,2,4,1998,1339
"1340",2,52,2,2,-90,1,2,1,1998,1340
"1341",1,43,1,1,12,1,1,-100,1998,1341
"1342",1,34,2,1,12,2,1,-100,1998,1342
"1343",3,46,1,1,-90,2,2,4,1998,1343
"1344",2,62,2,1,12,1,1,2,1998,1344
"1345",1,33,2,1,12,1,1,-100,1998,1345
"1346",1,43,1,1,12,2,2,-100,1998,1346
"1347",1,38,2,1,12,2,1,-100,1998,1347
"1348",2,35,1,1,12,2,2,3,1998,1348
"1349",2,32,1,1,-90,1,-99,2,1998,1349
"1350",1,33,1,1,12,2,2,-100,1998,1350
"1351",1,33,2,1,12,2,2,-100,1998,1351
"1352",2,46,1,1,12,1,1,2,1998,1352
"1353",3,21,2,1,12,2,1,1,1998,1353
"1354",2,28,2,1,12,2,2,3,1998,1354
"1355",3,35,1,1,10,2,2,2,1998,1355
"1356",3,56,1,1,12,2,2,2,1998,1356
"1357",2,26,1,1,12,2,3,2,1998,1357
"1358",2,26,1,3,12,2,2,3,1998,1358
"1359",1,28,2,1,11,2,2,-100,1998,1359
"1360",2,27,2,3,12,2,2,-98,1998,1360
"1361",3,22,2,1,2,2,2,2,1998,1361
"1362",1,37,2,1,12,1,1,-100,1998,1362
"1363",1,28,1,1,12,1,1,-100,1998,1363
"1364",2,25,1,1,12,1,2,2,1998,1364
"1365",3,70,1,2,11,-99,3,1,1998,1365
"1366",3,30,2,1,12,2,1,1,1998,1366
"1367",1,34,2,1,12,1,2,-100,1998,1367
"1368",3,37,2,1,12,1,2,4,1998,1368
"1369",3,73,1,1,12,2,2,1,1998,1369
"1370",2,26,1,1,9,1,1,2,1998,1370
"1371",2,55,1,1,12,2,1,2,1998,1371
"1372",2,55,2,1,12,1,3,3,1998,1372
"1373",3,35,1,2,-98,2,2,3,1998,1373
"1374",1,43,2,1,12,1,2,-100,1998,1374
"1375",3,28,1,1,12,2,1,1,1998,1375
"1376",2,43,2,2,12,1,2,4,1998,1376
"1377",3,44,1,2,12,2,1,1,1998,1377
"1378",2,34,1,1,-90,2,2,3,1998,1378
"1379",1,34,2,1,12,2,2,-100,1998,1379
"1380",2,39,2,1,12,2,2,1,1998,1380
"1381",1,30,2,1,12,2,2,-100,1998,1381
"1382",3,44,1,1,12,2,1,4,1998,1382
"1383",3,40,2,2,10,2,2,2,1998,1383
"1384",1,49,1,1,12,2,2,-100,1998,1384
"1385",2,33,1,2,12,1,1,4,1998,1385
"1386",1,26,2,1,11,2,1,-100,1998,1386
"1387",3,56,2,1,12,2,2,1,1998,1387
"1388",2,64,1,2,8,1,1,2,1998,1388
"1389",1,-99,1,2,-90,2,2,-100,1998,1389
"1390",3,85,2,2,7,2,2,2,1998,1390
"1391",1,62,1,2,11,2,3,-100,1998,1391
"1392",3,60,2,2,-90,2,3,2,1998,1392
"1393",1,70,2,2,10,2,3,-100,1998,1393
"1394",2,36,2,2,10,2,2,2,1998,1394
"1395",2,70,2,2,12,2,1,3,1998,1395
"1396",2,19,2,2,-98,2,3,1,1998,1396
"1397",2,72,2,2,1,1,2,1,1998,1397
"1398",3,76,2,2,9,2,2,2,1998,1398
"1399",1,22,1,2,12,3,1,-100,1998,1399
"1400",1,58,2,2,12,1,3,-100,1998,1400
"1401",3,75,2,2,-98,2,4,2,1998,1401
"1402",3,42,2,2,12,1,2,2,1998,1402
"1403",3,44,1,2,10,2,2,2,1998,1403
"1404",1,75,1,1,-90,2,2,-100,1998,1404
"1405",2,33,1,1,9,2,2,4,1998,1405
"1406",3,69,2,1,12,1,1,5,1998,1406
"1407",1,43,1,1,11,2,3,-100,1998,1407
"1408",1,38,2,1,12,2,2,-100,1998,1408
"1409",3,28,2,2,6,3,1,2,1998,1409
"1410",2,79,1,1,8,1,3,-98,1998,1410
"1411",2,40,1,2,12,1,2,2,1998,1411
"1412",2,27,2,1,12,2,1,3,1998,1412
"1413",1,21,1,1,12,1,2,-100,1998,1413
"1414",3,44,2,1,-90,1,1,1,1998,1414
"1415",2,47,1,1,12,1,1,2,1998,1415
"1416",3,45,1,1,12,2,2,2,1998,1416
"1417",1,39,2,1,12,2,1,-100,1998,1417
"1418",2,28,1,1,12,2,1,3,1998,1418
"1419",1,83,2,1,11,2,3,-100,1998,1419
"1420",3,46,2,1,9,2,2,4,1998,1420
"1421",2,59,2,1,12,2,2,1,1998,1421
"1422",3,76,2,1,12,1,2,1,1998,1422
"1423",3,34,2,1,12,2,2,1,1998,1423
"1424",2,33,2,1,12,1,2,2,1998,1424
"1425",3,33,2,1,12,2,1,5,1998,1425
"1426",2,32,2,1,12,1,1,3,1998,1426
"1427",3,29,2,1,12,2,2,2,1998,1427
"1428",3,57,1,1,12,2,2,4,1998,1428
"1429",1,31,2,1,12,1,2,-100,1998,1429
"1430",3,37,1,1,12,2,2,3,1998,1430
"1431",3,32,2,1,12,1,3,2,1998,1431
"1432",2,73,1,2,10,2,4,2,1998,1432
"1433",1,31,2,2,12,1,2,-100,1998,1433
"1434",2,28,1,1,12,2,3,2,1998,1434
"1435",2,20,2,1,12,1,2,3,1998,1435
"1436",1,35,1,1,12,2,2,-100,1998,1436
"1437",2,32,1,1,12,1,3,2,1998,1437
"1438",1,56,2,1,12,2,2,-100,1998,1438
"1439",2,33,2,1,12,3,2,2,1998,1439
"1440",3,56,2,1,12,1,1,1,1998,1440
"1441",1,32,1,1,12,2,1,-100,1998,1441
"1442",1,38,2,1,11,2,3,-100,1998,1442
"1443",1,57,2,1,12,2,2,-100,1998,1443
"1444",1,51,1,1,12,2,1,-100,1998,1444
"1445",2,23,2,1,11,2,3,1,1998,1445
"1446",2,32,1,1,12,2,1,2,1998,1446
"1447",1,44,1,1,-90,2,2,-100,1998,1447
"1448",1,37,1,1,12,2,3,-100,1998,1448
"1449",1,35,1,1,12,2,1,-100,1998,1449
"1450",3,49,2,1,12,2,2,1,1998,1450
"1451",2,35,2,3,12,-98,2,3,1998,1451
"1452",1,18,2,1,12,2,2,-100,1998,1452
"1453",3,75,2,1,-98,2,1,3,1998,1453
"1454",3,44,1,1,12,2,3,1,1998,1454
"1455",3,50,1,1,12,2,2,3,1998,1455
"1456",1,23,2,2,12,2,2,-100,1998,1456
"1457",1,42,1,1,12,2,2,-100,1998,1457
"1458",3,28,1,1,9,2,1,2,1998,1458
"1459",2,47,1,2,12,2,2,3,1998,1459
"1460",2,20,2,2,12,2,3,2,1998,1460
"1461",3,28,2,1,12,2,2,3,1998,1461
"1462",2,58,2,1,-90,2,2,1,1998,1462
"1463",2,84,1,1,10,2,2,4,1998,1463
"1464",1,60,1,1,12,-99,-99,-100,1998,1464
"1465",2,46,2,1,12,2,2,2,1998,1465
"1466",1,39,2,1,4,1,3,-100,1998,1466
"1467",2,33,1,1,12,1,1,1,1998,1467
"1468",3,69,2,1,12,2,3,3,1998,1468
"1469",2,31,1,3,-90,1,2,2,1998,1469
"1470",3,62,2,2,10,3,4,5,1998,1470
"1471",3,68,2,1,12,2,3,1,1998,1471
"1472",1,49,2,1,12,1,1,-100,1998,1472
"1473",3,38,2,1,-99,1,2,3,1998,1473
"1474",1,34,1,1,7,1,2,-100,1998,1474
"1475",2,35,1,1,12,3,3,5,1998,1475
"1476",1,28,2,1,12,2,1,-100,1998,1476
"1477",1,87,2,1,5,2,2,-100,1998,1477
"1478",2,54,2,1,6,3,3,4,1998,1478
"1479",1,77,2,1,10,2,2,-100,1998,1479
"1480",2,46,2,1,12,2,2,2,1998,1480
"1481",1,26,1,1,12,2,1,-100,1998,1481
"1482",2,66,2,1,10,3,4,1,1998,1482
"1483",3,46,1,1,12,2,3,1,1998,1483
"1484",3,46,2,2,10,2,3,5,1998,1484
"1485",2,33,2,1,12,2,2,2,1998,1485
"1486",2,38,1,1,12,2,2,1,1998,1486
"1487",1,48,1,1,12,1,1,-100,1998,1487
"1488",1,67,2,1,5,1,2,-100,1998,1488
"1489",3,46,2,1,12,2,2,2,1998,1489
"1490",3,21,2,1,12,2,1,1,1998,1490
"1491",2,40,2,1,12,1,1,2,1998,1491
"1492",1,85,2,1,11,2,3,-100,1998,1492
"1493",1,23,2,1,12,1,1,-100,1998,1493
"1494",2,51,1,1,12,1,3,3,1998,1494
"1495",1,54,1,1,12,1,3,-100,1998,1495
"1496",2,33,2,1,6,3,2,3,1998,1496
"1497",3,20,1,1,12,3,2,2,1998,1497
"1498",1,21,2,2,2,2,1,-100,1998,1498
"1499",2,20,2,2,1,3,3,3,1998,1499
"1500",2,70,1,1,5,3,3,4,1998,1500
"1501",3,30,2,2,9,2,3,2,1998,1501
"1502",1,31,1,1,9,1,4,-100,1998,1502
"1503",3,61,1,1,12,1,3,2,1998,1503
"1504",2,36,2,1,12,2,2,4,1998,1504
"1505",1,49,2,1,12,2,1,-100,1998,1505
"1506",1,35,2,1,12,2,2,-100,1998,1506
"1507",1,44,2,1,12,2,3,-100,1998,1507
"1508",3,46,2,3,-98,1,4,2,1998,1508
"1509",3,40,1,1,12,1,2,3,1998,1509
"1510",2,60,1,1,12,1,3,2,1998,1510
"1511",2,64,1,1,11,1,2,1,1998,1511
"1512",1,31,2,1,12,1,1,-100,1998,1512
"1513",2,51,1,1,12,2,2,1,1998,1513
"1514",3,38,1,1,12,1,1,1,1998,1514
"1515",1,62,2,2,12,2,2,-100,1998,1515
"1516",1,39,2,1,12,2,1,-100,1998,1516
"1517",3,29,2,1,12,2,2,1,1998,1517
"1518",2,47,1,1,12,2,2,1,1998,1518
"1519",3,33,1,2,12,2,2,4,1998,1519
"1520",3,43,2,2,5,3,4,5,1998,1520
"1521",1,40,1,1,10,2,2,-100,1998,1521
"1522",2,38,1,2,12,2,3,3,1998,1522
"1523",2,37,2,2,6,2,3,3,1998,1523
"1524",3,42,2,2,-90,2,2,2,1998,1524
"1525",1,35,1,2,-90,2,1,-100,1998,1525
"1526",3,62,2,1,12,1,1,1,1998,1526
"1527",2,45,1,1,-90,1,2,5,1998,1527
"1528",1,36,2,1,-90,1,2,-100,1998,1528
"1529",2,80,1,1,-98,1,2,1,1998,1529
"1530",3,82,1,1,11,1,3,3,1998,1530
"1531",2,72,2,1,10,2,2,1,1998,1531
"1532",1,63,1,1,12,1,1,-100,1998,1532
"1533",1,36,2,1,-90,1,1,-100,1998,1533
"1534",3,49,1,1,12,2,3,4,1998,1534
"1535",2,61,2,1,-90,1,2,1,1998,1535
"1536",3,44,2,1,12,2,2,4,1998,1536
"1537",2,73,1,1,12,3,3,1,1998,1537
"1538",1,75,1,1,12,2,3,-100,1998,1538
"1539",1,55,2,1,12,2,2,-100,1998,1539
"1540",3,74,2,1,12,1,2,2,1998,1540
"1541",2,60,2,1,12,1,1,1,1998,1541
"1542",2,38,1,1,12,2,2,2,1998,1542
"1543",3,27,2,1,12,1,1,2,1998,1543
"1544",2,66,1,1,12,1,2,1,1998,1544
"1545",1,51,2,1,12,1,2,-100,1998,1545
"1546",1,44,1,2,-90,1,2,-100,1998,1546
"1547",1,31,1,2,12,3,1,-100,1998,1547
"1548",3,36,1,1,-90,2,1,1,1998,1548
"1549",2,42,1,2,12,1,1,1,1998,1549
"1550",1,31,2,1,12,2,1,-100,1998,1550
"1551",3,47,1,2,12,2,2,4,1998,1551
"1552",2,19,1,3,12,2,2,1,1998,1552
"1553",2,37,2,1,12,2,2,4,1998,1553
"1554",3,59,1,1,12,1,2,2,1998,1554
"1555",1,38,1,1,12,2,2,-100,1998,1555
"1556",2,33,2,1,12,1,3,1,1998,1556
"1557",1,39,1,1,12,2,2,-100,1998,1557
"1558",2,61,2,1,12,2,3,1,1998,1558
"1559",3,35,2,3,11,3,2,1,1998,1559
"1560",2,22,2,1,12,2,1,1,1998,1560
"1561",3,34,1,1,12,1,1,1,1998,1561
"1562",3,23,1,1,2,1,1,3,1998,1562
"1563",2,21,1,3,-98,2,1,1,1998,1563
"1564",3,38,2,2,12,2,1,3,1998,1564
"1565",1,31,2,1,12,2,1,-100,1998,1565
"1566",3,43,2,1,-99,3,3,3,1998,1566
"1567",1,28,2,1,12,2,1,-100,1998,1567
"1568",2,42,2,1,11,1,2,4,1998,1568
"1569",3,26,2,1,12,2,2,3,1998,1569
"1570",3,42,1,1,-98,2,3,3,1998,1570
"1571",2,61,1,1,12,1,1,2,1998,1571
"1572",1,38,1,1,12,1,2,-100,1998,1572
"1573",2,26,1,1,12,1,1,2,1998,1573
"1574",2,50,1,1,-98,2,4,4,1998,1574
"1575",2,46,1,1,12,3,1,4,1998,1575
"1576",1,38,2,1,12,1,1,-100,1998,1576
"1577",1,51,2,1,12,2,1,-100,1998,1577
"1578",2,28,2,1,10,3,1,3,1998,1578
"1579",3,47,2,1,12,2,1,2,1998,1579
"1580",3,21,1,1,3,2,2,3,1998,1580
"1581",1,50,2,1,12,1,2,-100,1998,1581
"1582",3,51,2,1,-90,1,1,3,1998,1582
"1583",2,48,2,1,12,2,2,1,1998,1583
"1584",2,57,2,1,12,1,1,2,1998,1584
"1585",3,62,2,1,-90,1,2,3,1998,1585
"1586",3,41,2,1,12,1,1,1,1998,1586
"1587",1,75,2,1,12,2,2,-100,1998,1587
"1588",3,74,2,1,12,2,1,3,1998,1588
"1589",1,40,2,2,12,3,3,-100,1998,1589
"1590",1,73,1,1,12,2,1,-100,1998,1590
"1591",2,58,1,2,12,1,2,3,1998,1591
"1592",3,51,1,1,12,2,2,3,1998,1592
"1593",2,22,2,2,11,3,1,3,1998,1593
"1594",3,36,1,3,12,1,2,1,1998,1594
"1595",1,49,2,1,9,2,2,-100,1998,1595
"1596",2,35,1,1,12,2,3,4,1998,1596
"1597",2,66,2,1,12,1,1,4,1998,1597
"1598",3,38,2,1,12,2,1,1,1998,1598
"1599",1,27,2,1,12,2,2,-100,1998,1599
"1600",1,51,2,1,12,1,2,-100,1998,1600
"1601",1,43,2,1,12,1,2,-100,1998,1601
"1602",3,31,2,1,12,2,2,2,1998,1602
"1603",3,35,2,1,12,1,1,2,1998,1603
"1604",3,20,2,1,10,3,2,3,1998,1604
"1605",1,21,2,1,2,2,1,-100,1998,1605
"1606",2,33,2,1,12,2,2,5,1998,1606
"1607",2,59,2,1,12,2,2,2,1998,1607
"1608",2,26,1,1,9,2,3,2,1998,1608
"1609",3,27,2,2,9,2,3,4,1998,1609
"1610",3,44,2,2,11,2,2,3,1998,1610
"1611",1,36,1,2,12,2,2,-100,1998,1611
"1612",1,34,1,1,12,1,2,-100,1998,1612
"1613",2,37,2,1,12,2,1,2,1998,1613
"1614",1,32,1,1,12,1,2,-100,1998,1614
"1615",2,29,1,2,12,1,2,2,1998,1615
"1616",1,29,1,3,11,1,2,-100,1998,1616
"1617",3,59,1,2,12,3,3,2,1998,1617
"1618",1,57,1,1,11,2,3,-100,1998,1618
"1619",1,25,2,1,12,2,1,-100,1998,1619
"1620",3,52,2,1,10,3,2,4,1998,1620
"1621",2,53,1,1,11,2,2,4,1998,1621
"1622",1,23,2,2,12,1,1,-100,1998,1622
"1623",2,32,1,1,12,3,2,2,1998,1623
"1624",3,28,2,2,-90,1,1,1,1998,1624
"1625",1,38,1,1,12,2,3,-100,1998,1625
"1626",3,25,1,1,9,3,2,2,1998,1626
"1627",2,27,2,2,9,3,2,1,1998,1627
"1628",2,48,2,1,9,2,2,1,1998,1628
"1629",3,51,2,2,7,3,4,4,1998,1629
"1630",1,40,2,2,10,2,2,-100,1998,1630
"1631",3,32,2,3,-90,3,2,2,1998,1631
"1632",2,30,1,1,12,-99,1,1,1998,1632
"1633",3,22,2,2,3,1,2,3,1998,1633
"1634",2,29,1,2,9,2,2,2,1998,1634
"1635",2,28,2,2,11,3,2,2,1998,1635
"1636",1,34,1,1,12,1,2,-100,1998,1636
"1637",1,42,2,2,10,2,2,-100,1998,1637
"1638",3,33,2,2,10,1,2,2,1998,1638
"1639",2,21,2,2,12,1,1,3,1998,1639
"1640",1,37,2,2,11,2,1,-100,1998,1640
"1641",2,23,2,2,11,1,1,3,1998,1641
"1642",3,23,2,2,5,1,3,3,1998,1642
"1643",2,77,2,1,9,3,3,-98,1998,1643
"1644",3,61,1,1,12,1,2,3,1998,1644
"1645",3,45,2,2,3,2,2,4,1998,1645
"1646",1,36,2,2,1,3,3,-100,1998,1646
"1647",2,54,2,1,12,2,2,1,1998,1647
"1648",3,21,2,2,11,2,2,3,1998,1648
"1649",1,73,1,1,11,2,2,-100,1998,1649
"1650",1,38,2,2,9,1,2,-100,1998,1650
"1651",3,66,1,1,12,2,1,1,1998,1651
"1652",3,54,2,2,12,2,2,3,1998,1652
"1653",1,35,2,1,12,2,2,-100,1998,1653
"1654",1,52,2,1,12,2,1,-100,1998,1654
"1655",2,35,2,1,12,2,2,2,1998,1655
"1656",2,52,2,1,12,2,2,2,1998,1656
"1657",3,19,2,1,12,2,1,2,1998,1657
"1658",2,73,2,1,-90,2,2,2,1998,1658
"1659",2,19,1,1,12,3,3,1,1998,1659
"1660",1,43,1,1,12,1,1,-100,1998,1660
"1661",2,43,1,1,12,2,1,1,1998,1661
"1662",3,58,1,1,12,1,1,1,1998,1662
"1663",1,63,2,1,12,2,2,-100,1998,1663
"1664",3,68,1,1,12,1,2,3,1998,1664
"1665",3,42,2,1,12,1,1,1,1998,1665
"1666",1,45,1,1,12,1,2,-100,1998,1666
"1667",3,49,1,1,12,2,2,5,1998,1667
"1668",2,60,1,1,1,1,4,3,1998,1668
"1669",3,36,2,1,12,3,2,4,1998,1669
"1670",1,38,2,2,12,2,2,-100,1998,1670
"1671",3,50,2,1,10,1,2,1,1998,1671
"1672",2,49,1,1,12,1,3,2,1998,1672
"1673",1,36,2,1,11,2,2,-100,1998,1673
"1674",3,45,1,2,12,2,3,3,1998,1674
"1675",2,40,1,1,12,1,1,1,1998,1675
"1676",1,32,2,3,12,2,1,-100,1998,1676
"1677",3,51,2,1,12,2,1,4,1998,1677
"1678",2,30,1,2,9,3,1,1,1998,1678
"1679",3,30,1,1,12,2,3,3,1998,1679
"1680",2,33,2,1,12,2,1,3,1998,1680
"1681",3,67,1,1,12,2,3,1,1998,1681
"1682",2,49,2,2,12,3,2,3,1998,1682
"1683",3,32,2,1,12,1,1,3,1998,1683
"1684",1,73,1,1,12,2,4,-100,1998,1684
"1685",3,40,2,1,12,1,2,3,1998,1685
"1686",3,51,2,1,12,2,2,2,1998,1686
"1687",1,26,2,2,12,2,1,-100,1998,1687
"1688",2,29,1,2,12,3,1,4,1998,1688
"1689",2,83,2,1,8,1,4,1,1998,1689
"1690",2,38,1,1,12,2,1,1,1998,1690
"1691",3,83,1,1,-90,2,4,1,1998,1691
"1692",2,59,1,1,12,2,2,1,1998,1692
"1693",1,28,1,1,1,2,3,-100,1998,1693
"1694",1,43,2,1,12,1,3,-100,1998,1694
"1695",2,44,1,1,12,1,1,1,1998,1695
"1696",3,60,2,1,3,2,2,4,1998,1696
"1697",1,36,2,1,9,2,3,-100,1998,1697
"1698",2,40,1,2,12,2,1,1,1998,1698
"1699",3,33,1,1,12,2,2,3,1998,1699
"1700",2,41,2,1,9,2,1,2,1998,1700
"1701",1,46,1,1,12,3,3,-100,1998,1701
"1702",3,53,2,1,12,1,2,3,1998,1702
"1703",1,33,2,1,12,2,2,-100,1998,1703
"1704",3,40,2,1,12,1,1,1,1998,1704
"1705",1,64,2,1,12,1,1,-100,1998,1705
"1706",2,77,2,1,-90,2,2,3,1998,1706
"1707",2,57,2,1,12,2,1,1,1998,1707
"1708",3,48,2,1,11,2,4,3,1998,1708
"1709",1,65,2,1,9,2,2,-100,1998,1709
"1710",2,61,1,1,12,2,2,1,1998,1710
"1711",2,25,2,1,-98,2,1,2,1998,1711
"1712",1,43,1,1,-90,2,2,-100,1998,1712
"1713",2,34,1,1,12,2,1,3,1998,1713
"1714",1,38,2,1,12,1,1,-100,1998,1714
"1715",2,40,2,1,12,1,1,2,1998,1715
"1716",1,45,2,1,12,3,2,-100,1998,1716
"1717",2,35,1,1,12,3,3,2,1998,1717
"1718",3,51,1,1,12,2,1,3,1998,1718
"1719",3,20,1,3,-98,2,2,1,1998,1719
"1720",2,32,1,1,12,2,2,1,1998,1720
"1721",3,61,1,1,12,2,2,1,1998,1721
"1722",1,36,2,1,12,2,1,-100,1998,1722
"1723",3,42,2,1,12,1,2,2,1998,1723
"1724",3,45,2,1,12,1,1,1,1998,1724
"1725",1,56,2,1,12,2,1,-100,1998,1725
"1726",3,89,2,1,-98,3,2,2,1998,1726
"1727",3,78,1,1,12,3,3,1,1998,1727
"1728",2,56,1,1,12,2,3,2,1998,1728
"1729",3,39,2,1,12,2,2,2,1998,1729
"1730",2,60,2,3,-98,2,3,1,1998,1730
"1731",2,34,2,2,12,2,2,1,1998,1731
"1732",3,40,1,1,12,1,2,4,1998,1732
"1733",3,31,1,1,12,1,1,3,1998,1733
"1734",1,34,2,1,9,2,2,-100,1998,1734
"1735",2,28,2,1,10,2,2,1,1998,1735
"1736",3,46,2,1,12,1,2,3,1998,1736
"1737",1,39,1,1,10,2,2,-100,1998,1737
"1738",3,33,1,1,12,1,2,3,1998,1738
"1739",3,26,2,2,11,2,2,2,1998,1739
"1740",2,35,1,1,12,2,2,3,1998,1740
"1741",1,36,2,1,12,1,2,-100,1998,1741
"1742",2,76,2,1,-90,3,4,2,1998,1742
"1743",2,19,2,3,11,2,1,1,1998,1743
"1744",2,41,1,1,12,3,2,3,1998,1744
"1745",3,66,2,1,-90,2,4,2,1998,1745
"1746",1,43,1,2,11,3,3,-100,1998,1746
"1747",3,57,1,1,12,1,1,1,1998,1747
"1748",1,32,2,1,12,1,2,-100,1998,1748
"1749",2,26,1,1,12,2,2,2,1998,1749
"1750",3,43,2,1,12,2,2,2,1998,1750
"1751",2,40,1,1,12,2,1,2,1998,1751
"1752",1,69,2,1,10,1,2,-100,1998,1752
"1753",2,40,1,1,7,2,2,3,1998,1753
"1754",3,88,1,1,10,1,2,2,1998,1754
"1755",3,41,2,1,9,2,2,4,1998,1755
"1756",3,83,1,1,9,3,3,1,1998,1756
"1757",2,59,2,2,12,2,2,1,1998,1757
"1758",3,19,2,2,11,3,4,2,1998,1758
"1759",3,58,2,2,9,3,2,1,1998,1759
"1760",1,37,1,2,1,3,2,-100,1998,1760
"1761",2,43,1,2,11,1,2,4,1998,1761
"1762",1,68,2,2,11,1,2,-100,1998,1762
"1763",3,31,2,2,12,1,2,3,1998,1763
"1764",2,65,2,2,9,2,2,1,1998,1764
"1765",1,72,1,2,12,3,2,-100,1998,1765
"1766",3,52,1,2,-98,2,3,2,1998,1766
"1767",2,28,1,1,6,3,2,5,1998,1767
"1768",3,25,1,1,5,2,2,5,1998,1768
"1769",1,64,2,1,6,3,4,-100,1998,1769
"1770",3,22,1,1,9,1,1,3,1998,1770
"1771",1,26,1,1,9,-99,2,-100,1998,1771
"1772",1,21,2,1,11,2,1,-100,1998,1772
"1773",3,48,2,1,5,2,2,4,1998,1773
"1774",3,25,2,1,5,2,2,5,1998,1774
"1775",3,35,1,1,12,1,1,3,1998,1775
"1776",3,88,1,1,12,1,2,1,1998,1776
"1777",1,49,2,1,12,2,2,-100,1998,1777
"1778",2,51,2,1,12,1,2,1,1998,1778
"1779",3,65,1,1,12,2,2,3,1998,1779
"1780",1,37,2,1,12,2,1,-100,1998,1780
"1781",2,38,1,1,12,2,2,3,1998,1781
"1782",2,34,1,3,12,2,2,1,1998,1782
"1783",1,64,2,1,12,2,1,-100,1998,1783
"1784",2,57,1,1,12,-99,3,3,1998,1784
"1785",3,32,1,1,12,1,1,2,1998,1785
"1786",3,63,1,1,12,2,1,1,1998,1786
"1787",3,74,2,1,10,2,2,1,1998,1787
"1788",1,58,1,1,12,1,1,-100,1998,1788
"1789",1,49,2,1,12,2,2,-100,1998,1789
"1790",2,46,1,1,12,1,2,2,1998,1790
"1791",3,74,1,1,9,2,3,4,1998,1791
"1792",2,58,2,1,12,3,4,1,1998,1792
"1793",3,49,1,1,12,1,1,1,1998,1793
"1794",1,30,2,1,12,2,2,-100,1998,1794
"1795",2,28,1,1,12,1,2,2,1998,1795
"1796",3,24,2,1,12,1,1,2,1998,1796
"1797",2,77,2,1,12,3,2,1,1998,1797
"1798",3,89,1,1,10,2,2,1,1998,1798
"1799",2,20,1,1,9,2,2,1,1998,1799
"1800",1,40,2,1,12,2,3,-100,1998,1800
"1801",2,28,1,1,12,2,2,2,1998,1801
"1802",2,57,2,2,-90,3,2,1,1998,1802
"1803",3,19,1,1,11,2,1,2,1998,1803
"1804",3,35,2,1,12,1,2,1,1998,1804
"1805",1,62,2,1,-98,1,1,-100,1998,1805
"1806",3,59,2,2,11,2,2,3,1998,1806
"1807",2,55,1,1,-90,2,3,1,1998,1807
"1808",1,37,1,1,12,2,1,-100,1998,1808
"1809",2,36,1,2,12,1,1,1,1998,1809
"1810",1,83,2,1,9,1,2,-100,1998,1810
"1811",2,73,1,1,10,1,3,1,1998,1811
"1812",3,76,2,1,10,1,1,1,1998,1812
"1813",1,28,2,2,11,3,2,-100,1998,1813
"1814",2,70,1,2,7,1,2,1,1998,1814
"1815",3,33,1,2,11,1,1,3,1998,1815
"1816",1,59,2,2,12,2,2,-100,1998,1816
"1817",3,67,2,2,-90,3,4,2,1998,1817
"1818",3,19,2,2,2,1,1,2,1998,1818
"1819",2,82,1,2,9,2,1,3,1998,1819
"1820",2,28,2,2,10,2,3,4,1998,1820
"1821",1,21,2,2,-98,2,1,-100,1998,1821
"1822",3,63,2,2,-90,2,2,2,1998,1822
"1823",1,38,2,1,11,2,2,-100,1998,1823
"1824",3,19,1,3,12,2,1,2,1998,1824
"1825",3,30,1,3,12,1,2,3,1998,1825
"1826",2,33,1,2,12,2,2,4,1998,1826
"1827",1,71,2,1,12,3,1,-100,1998,1827
"1828",3,42,2,1,-98,2,2,3,1998,1828
"1829",1,27,2,1,11,1,2,-100,1998,1829
"1830",3,43,1,1,12,1,2,3,1998,1830
"1831",2,55,2,1,12,1,2,4,1998,1831
"1832",2,67,2,1,12,1,1,1,1998,1832
"1833",1,43,1,1,12,2,2,-100,1998,1833
"1834",1,45,2,1,12,2,1,-100,1998,1834
"1835",2,35,1,1,12,2,2,1,1998,1835
"1836",2,29,1,1,12,1,1,2,1998,1836
"1837",2,28,2,1,12,1,1,1,1998,1837
"1838",3,24,2,1,3,3,3,3,1998,1838
"1839",1,39,1,1,11,2,1,-100,1998,1839
"1840",1,39,2,1,12,2,1,-100,1998,1840
"1841",1,33,1,1,3,3,1,-100,1998,1841
"1842",3,46,1,1,12,2,2,4,1998,1842
"1843",3,37,2,1,12,1,2,1,1998,1843
"1844",2,43,2,1,12,1,2,2,1998,1844
"1845",1,34,1,1,12,2,3,-100,1998,1845
"1846",1,58,1,2,-90,2,2,-100,1998,1846
"1847",3,41,2,1,12,3,2,3,1998,1847
"1848",1,51,1,1,12,2,1,-100,1998,1848
"1849",3,44,2,1,12,2,1,2,1998,1849
"1850",2,44,2,1,12,2,3,1,1998,1850
"1851",1,43,2,3,12,1,2,-100,1998,1851
"1852",1,30,2,1,12,1,1,-100,1998,1852
"1853",1,41,2,1,12,2,1,-100,1998,1853
"1854",3,55,1,1,2,2,2,1,1998,1854
"1855",3,60,1,1,12,2,1,1,1998,1855
"1856",1,47,1,1,12,2,1,-100,1998,1856
"1857",1,65,2,1,-90,1,1,-100,1998,1857
"1858",3,37,1,1,12,3,1,4,1998,1858
"1859",1,44,2,1,7,2,3,-100,1998,1859
"1860",3,72,1,1,-90,2,2,2,1998,1860
"1861",1,48,1,1,11,1,2,-100,1998,1861
"1862",3,21,2,1,12,2,1,2,1998,1862
"1863",3,73,1,1,11,1,3,4,1998,1863
"1864",2,50,1,2,12,2,4,1,1998,1864
"1865",2,56,2,1,12,2,3,1,1998,1865
"1866",1,68,2,1,-90,3,3,-100,1998,1866
"1867",3,72,2,1,11,2,2,2,1998,1867
"1868",3,27,2,1,10,2,1,4,1998,1868
"1869",2,22,2,1,12,2,1,2,1998,1869
"1870",3,53,1,1,-90,1,2,1,1998,1870
"1871",1,67,2,1,8,3,3,-100,1998,1871
"1872",3,19,2,1,9,1,1,2,1998,1872
"1873",2,24,1,1,-90,3,-99,5,1998,1873
"1874",2,24,1,1,12,2,1,3,1998,1874
"1875",2,52,1,1,12,1,1,2,1998,1875
"1876",3,70,2,1,9,3,3,1,1998,1876
"1877",1,33,2,1,9,2,1,-100,1998,1877
"1878",3,70,1,1,9,1,2,1,1998,1878
"1879",1,19,2,1,10,2,3,-100,1998,1879
"1880",3,26,1,1,11,3,3,2,1998,1880
"1881",3,46,2,2,1,3,3,2,1998,1881
"1882",2,44,1,1,11,2,2,4,1998,1882
"1883",3,48,2,2,12,2,3,2,1998,1883
"1884",2,45,2,2,3,1,3,2,1998,1884
"1885",1,44,2,2,3,2,3,-100,1998,1885
"1886",3,26,2,2,4,3,3,4,1998,1886
"1887",3,58,2,2,3,2,3,5,1998,1887
"1888",2,28,2,2,2,2,2,3,1998,1888
"1889",2,50,2,2,3,2,3,1,1998,1889
"1890",2,26,2,2,2,2,2,2,1998,1890
"1891",1,31,2,2,5,2,1,-100,1998,1891
"1892",1,57,1,1,12,2,2,-100,1998,1892
"1893",2,43,2,1,12,2,3,3,1998,1893
"1894",2,31,1,1,12,2,3,3,1998,1894
"1895",2,47,1,1,12,2,1,2,1998,1895
"1896",2,41,2,1,12,2,1,2,1998,1896
"1897",3,29,1,1,12,2,2,2,1998,1897
"1898",1,39,1,3,12,3,1,-100,1998,1898
"1899",3,32,2,3,12,2,1,2,1998,1899
"1900",1,82,2,1,7,3,3,-100,1998,1900
"1901",2,45,2,1,12,2,2,3,1998,1901
"1902",3,26,1,1,12,2,2,3,1998,1902
"1903",1,76,2,1,10,2,2,-100,1998,1903
"1904",2,48,2,2,12,2,2,2,1998,1904
"1905",1,74,1,1,12,1,2,-100,1998,1905
"1906",1,64,2,1,12,1,2,-100,1998,1906
"1907",3,40,1,1,12,2,2,1,1998,1907
"1908",3,67,2,1,12,3,3,3,1998,1908
"1909",1,63,2,1,1,1,3,-100,1998,1909
"1910",2,52,2,1,-90,2,4,1,1998,1910
"1911",1,75,2,1,-90,1,2,-100,1998,1911
"1912",2,66,2,1,12,2,1,1,1998,1912
"1913",3,79,1,1,12,1,3,1,1998,1913
"1914",1,45,2,1,10,2,2,-100,1998,1914
"1915",2,28,1,1,10,2,3,3,1998,1915
"1916",2,73,1,1,8,1,2,3,1998,1916
"1917",2,86,2,1,7,2,2,3,1998,1917
"1918",3,55,1,1,12,2,3,2,1998,1918
"1919",3,31,2,1,8,1,1,5,1998,1919
"1920",2,28,1,1,3,3,2,4,1998,1920
"1921",2,37,1,1,12,3,2,4,1998,1921
"1922",1,39,1,1,12,1,1,-100,1998,1922
"1923",1,38,1,1,12,2,3,-100,1998,1923
"1924",3,83,1,1,12,2,3,2,1998,1924
"1925",2,34,1,1,12,2,2,3,1998,1925
"1926",2,41,1,1,12,2,2,4,1998,1926
"1927",1,78,2,1,10,2,2,-100,1998,1927
"1928",3,46,2,1,12,2,2,1,1998,1928
"1929",3,54,2,1,10,2,1,3,1998,1929
"1930",2,36,2,1,10,2,2,3,1998,1930
"1931",1,58,1,1,12,2,2,-100,1998,1931
"1932",2,59,1,1,-90,2,1,2,1998,1932
"1933",3,58,2,3,12,1,1,3,1998,1933
"1934",2,62,1,1,12,1,2,1,1998,1934
"1935",3,82,2,1,12,2,2,1,1998,1935
"1936",2,34,2,1,12,1,2,-98,1998,1936
"1937",1,29,1,1,10,2,2,-100,1998,1937
"1938",2,29,1,3,10,2,2,3,1998,1938
"1939",1,27,2,3,9,1,2,-100,1998,1939
"1940",2,27,1,3,12,3,3,2,1998,1940
"1941",1,30,2,2,11,2,2,-100,1998,1941
"1942",2,24,1,3,-99,2,1,-98,1998,1942
"1943",3,19,1,3,3,3,3,2,1998,1943
"1944",1,20,1,1,9,2,1,-100,1998,1944
"1945",2,23,2,1,7,2,1,2,1998,1945
"1946",2,21,2,1,8,2,2,3,1998,1946
"1947",3,21,2,1,10,2,1,2,1998,1947
"1948",3,21,1,3,10,2,2,1,1998,1948
"1949",3,31,2,1,10,2,1,4,1998,1949
"1950",3,38,1,1,12,2,1,2,1998,1950
"1951",1,26,2,1,9,2,2,-100,1998,1951
"1952",2,79,2,1,10,2,1,1,1998,1952
"1953",1,24,1,1,10,2,2,-100,1998,1953
"1954",3,23,2,3,-98,2,1,3,1998,1954
"1955",3,30,2,1,12,2,1,4,1998,1955
"1956",2,51,2,1,12,2,3,2,1998,1956
"1957",1,28,1,1,9,3,1,-100,1998,1957
"1958",3,18,1,1,1,2,2,2,1998,1958
"1959",1,27,1,1,9,2,2,-100,1998,1959
"1960",2,34,1,1,10,2,1,4,1998,1960
"1961",3,26,1,1,10,1,2,1,1998,1961
"1962",1,32,1,1,11,2,1,-100,1998,1962
"1963",3,20,1,1,2,2,2,2,1998,1963
"1964",2,22,1,1,9,1,1,3,1998,1964
"1965",2,23,1,1,7,2,2,1,1998,1965
"1966",2,21,1,1,11,2,1,2,1998,1966
"1967",1,41,2,1,12,1,1,-100,1998,1967
"1968",1,21,2,1,7,2,1,-100,1998,1968
"1969",1,46,2,1,12,2,2,-100,1998,1969
"1970",3,42,2,1,12,1,1,2,1998,1970
"1971",2,26,1,1,12,2,2,1,1998,1971
"1972",2,55,2,1,12,2,1,3,1998,1972
"1973",1,30,2,1,12,2,1,-100,1998,1973
"1974",3,49,1,1,12,1,1,1,1998,1974
"1975",3,19,1,1,12,2,1,3,1998,1975
"1976",2,27,1,1,12,1,1,2,1998,1976
"1977",1,30,2,1,12,2,1,-100,1998,1977
"1978",3,25,1,1,12,2,1,2,1998,1978
"1979",3,35,1,1,12,2,2,3,1998,1979
"1980",2,29,2,1,12,1,1,1,1998,1980
"1981",3,31,2,2,2,3,2,5,1998,1981
"1982",2,21,2,2,2,3,2,4,1998,1982
"1983",3,19,2,2,-98,2,1,2,1998,1983
"1984",2,37,2,2,12,2,2,2,1998,1984
"1985",1,21,2,2,5,3,2,-100,1998,1985
"1986",3,34,1,1,1,1,2,4,1998,1986
"1987",2,33,1,1,12,2,2,4,1998,1987
"1988",3,27,1,1,12,1,1,3,1998,1988
"1989",1,29,1,1,12,1,1,-100,1998,1989
"1990",2,26,2,2,12,2,2,1,1998,1990
"1991",1,27,1,1,12,3,2,-100,1998,1991
"1992",1,41,1,2,7,2,4,-100,1998,1992
"1993",3,33,2,3,10,3,2,1,1998,1993
"1994",2,25,2,2,12,2,2,1,1998,1994
"1995",1,51,1,2,12,2,2,-100,1998,1995
"1996",1,36,2,1,12,1,1,-100,1998,1996
"1997",1,81,2,1,-98,1,2,-100,1998,1997
"1998",1,26,2,1,12,2,1,-100,1998,1998
"1999",3,39,1,1,12,2,2,4,1998,1999
"2000",2,57,1,1,12,2,2,2,1998,2000
"2001",3,30,1,1,12,2,2,3,1998,2001
"2002",1,28,1,1,12,2,2,-100,1998,2002
"2003",2,39,1,1,-90,3,1,3,1998,2003
"2004",2,42,1,1,12,2,2,2,1998,2004
"2005",2,77,1,1,12,1,3,1,1998,2005
"2006",2,37,2,1,12,-99,1,1,1998,2006
"2007",2,42,1,1,12,2,2,4,1998,2007
"2008",1,34,1,1,12,2,1,-100,1998,2008
"2009",1,65,1,1,12,2,2,-100,1998,2009
"2010",3,43,2,1,12,2,1,1,1998,2010
"2011",3,36,1,1,-90,1,1,3,1998,2011
"2012",3,64,2,1,12,2,2,1,1998,2012
"2013",1,45,1,1,12,2,1,-100,1998,2013
"2014",1,57,2,1,12,2,3,-100,1998,2014
"2015",3,37,2,1,12,2,1,1,1998,2015
"2016",3,43,2,1,12,1,1,2,1998,2016
"2017",1,70,2,1,9,2,2,-100,1998,2017
"2018",3,71,2,1,12,1,2,1,1998,2018
"2019",2,69,1,1,12,1,2,1,1998,2019
"2020",1,49,1,1,12,1,1,-100,1998,2020
"2021",1,35,1,1,12,2,2,-100,1998,2021
"2022",3,47,1,1,12,2,3,2,1998,2022
"2023",1,50,2,3,12,1,2,-100,1998,2023
"2024",3,47,1,1,12,1,1,1,1998,2024
"2025",2,56,1,1,12,1,2,1,1998,2025
"2026",2,24,2,1,12,3,2,1,1998,2026
"2027",3,36,1,1,11,2,2,2,1998,2027
"2028",3,54,1,1,12,2,1,2,1998,2028
"2029",2,41,2,1,-90,1,1,1,1998,2029
"2030",3,39,1,1,9,2,2,4,1998,2030
"2031",2,37,1,1,10,2,2,4,1998,2031
"2032",3,62,2,1,11,1,2,2,1998,2032
"2033",1,32,1,1,12,2,2,-100,1998,2033
"2034",2,69,1,1,11,2,1,3,1998,2034
"2035",1,39,1,1,12,2,3,-100,1998,2035
"2036",1,31,1,1,12,2,2,-100,1998,2036
"2037",3,74,1,1,9,1,2,4,1998,2037
"2038",3,40,1,1,11,2,2,3,1998,2038
"2039",2,54,2,2,11,2,3,1,1998,2039
"2040",1,36,1,2,6,3,1,-100,1998,2040
"2041",1,62,2,2,-99,2,3,-100,1998,2041
"2042",1,62,2,2,2,3,3,-100,1998,2042
"2043",2,53,2,2,12,2,2,4,1998,2043
"2044",2,32,1,1,12,2,2,2,1998,2044
"2045",1,78,1,1,9,2,4,-100,1998,2045
"2046",2,28,1,2,12,1,1,2,1998,2046
"2047",1,32,2,2,12,2,1,-100,1998,2047
"2048",2,59,2,1,12,2,2,2,1998,2048
"2049",2,53,2,1,12,1,1,1,1998,2049
"2050",3,20,2,2,-98,2,2,2,1998,2050
"2051",3,43,2,1,-90,1,3,5,1998,2051
"2052",1,53,1,2,-98,1,2,-100,1998,2052
"2053",3,64,2,1,-90,1,2,1,1998,2053
"2054",2,46,2,3,12,1,1,1,1998,2054
"2055",2,52,2,1,12,2,2,1,1998,2055
"2056",3,51,2,1,12,1,2,3,1998,2056
"2057",1,55,2,1,12,2,1,-100,1998,2057
"2058",3,54,1,1,12,2,2,1,1998,2058
"2059",3,51,2,1,12,1,1,2,1998,2059
"2060",3,69,2,1,-90,1,1,1,1998,2060
"2061",1,44,1,1,12,2,4,-100,1998,2061
"2062",3,51,1,1,12,2,1,2,1998,2062
"2063",1,48,1,1,12,2,2,-100,1998,2063
"2064",2,83,1,1,-90,1,2,1,1998,2064
"2065",2,51,1,1,12,1,1,2,1998,2065
"2066",1,21,2,1,-98,2,2,-100,1998,2066
"2067",3,27,2,1,12,1,1,1,1998,2067
"2068",1,38,2,1,12,2,3,-100,1998,2068
"2069",2,41,1,1,12,2,2,3,1998,2069
"2070",3,41,1,2,1,3,2,3,1998,2070
"2071",1,39,2,1,6,1,3,-100,1998,2071
"2072",2,47,1,1,12,2,3,5,1998,2072
"2073",3,51,1,1,-98,2,2,2,1998,2073
"2074",2,50,1,2,-98,3,4,5,1998,2074
"2075",3,33,2,1,12,1,2,4,1998,2075
"2076",1,38,2,1,12,2,2,-100,1998,2076
"2077",3,82,1,2,10,2,3,2,1998,2077
"2078",2,54,2,2,6,3,2,2,1998,2078
"2079",1,68,1,1,1,2,3,-100,1998,2079
"2080",3,89,2,1,6,2,2,1,1998,2080
"2081",1,26,2,1,-98,2,2,-100,1998,2081
"2082",2,74,2,1,10,2,2,1,1998,2082
"2083",3,50,1,1,-90,1,1,2,1998,2083
"2084",1,31,2,1,12,1,2,-100,1998,2084
"2085",1,25,1,1,12,2,2,-100,1998,2085
"2086",1,34,2,1,12,2,1,-100,1998,2086
"2087",1,29,1,1,4,1,2,-100,1998,2087
"2088",3,44,1,1,-98,1,2,3,1998,2088
"2089",2,25,1,1,-90,2,2,1,1998,2089
"2090",3,64,2,1,12,2,1,3,1998,2090
"2091",1,37,1,1,12,1,1,-100,1998,2091
"2092",2,44,2,1,12,2,1,4,1998,2092
"2093",3,27,2,1,12,2,2,2,1998,2093
"2094",3,80,1,1,12,1,3,1,1998,2094
"2095",2,62,1,1,-90,2,3,2,1998,2095
"2096",2,81,1,1,-90,3,3,1,1998,2096
"2097",3,70,2,1,-90,1,2,1,1998,2097
"2098",1,41,1,1,12,1,1,-100,1998,2098
"2099",2,33,2,1,12,1,3,1,1998,2099
"2100",1,20,2,3,-98,1,3,-100,1998,2100
"2101",3,37,1,1,6,2,3,3,1998,2101
"2102",1,48,1,1,10,3,3,-100,1998,2102
"2103",2,76,1,1,-90,-99,2,1,1998,2103
"2104",2,29,2,1,12,1,1,2,1998,2104
"2105",3,39,1,1,12,1,1,3,1998,2105
"2106",3,35,2,1,10,2,2,4,1998,2106
"2107",3,26,2,1,12,1,2,1,1998,2107
"2108",2,87,2,1,7,3,1,1,1998,2108
"2109",2,34,1,1,12,2,2,5,1998,2109
"2110",3,35,1,1,12,2,1,2,1998,2110
"2111",1,37,1,1,11,2,2,-100,1998,2111
"2112",3,36,1,1,12,2,2,1,1998,2112
"2113",1,63,2,1,5,2,3,-100,1998,2113
"2114",1,69,2,1,6,2,2,-100,1998,2114
"2115",1,49,2,2,6,1,1,-100,1998,2115
"2116",1,38,1,2,-90,2,1,-100,1998,2116
"2117",2,26,2,2,-98,2,2,2,1998,2117
"2118",2,50,2,2,12,2,3,2,1998,2118
"2119",1,50,2,2,-99,1,2,-100,1998,2119
"2120",3,27,1,2,12,3,1,2,1998,2120
"2121",3,64,2,1,11,1,2,2,1998,2121
"2122",3,31,1,2,12,2,2,1,1998,2122
"2123",1,65,2,1,8,2,4,-100,1998,2123
"2124",2,32,1,1,2,2,2,3,1998,2124
"2125",3,78,2,2,6,1,4,1,1998,2125
"2126",2,29,2,3,12,3,2,3,1998,2126
"2127",3,36,2,2,11,2,1,4,1998,2127
"2128",3,23,1,1,12,2,1,1,1998,2128
"2129",2,50,1,1,12,1,2,2,1998,2129
"2130",2,44,2,2,12,3,2,4,1998,2130
"2131",1,45,2,2,-98,3,2,-100,1998,2131
"2132",2,28,2,2,12,-99,2,2,1998,2132
"2133",3,33,2,2,-98,2,3,1,1998,2133
"2134",3,62,2,1,12,3,2,3,1998,2134
"2135",3,38,2,2,12,2,2,2,1998,2135
"2136",3,28,2,3,12,3,1,2,1998,2136
"2137",3,53,2,2,12,1,4,1,1998,2137
"2138",1,51,2,1,12,1,3,-100,1998,2138
"2139",1,38,1,1,-90,1,2,-100,1998,2139
"2140",2,26,2,1,12,2,1,2,1998,2140
"2141",1,28,2,1,12,2,1,-100,1998,2141
"2142",2,35,1,3,10,-99,2,1,1998,2142
"2143",3,70,2,1,9,2,2,3,1998,2143
"2144",2,86,2,1,9,2,2,-98,1998,2144
"2145",1,66,2,3,8,1,2,-100,1998,2145
"2146",3,44,2,1,-98,1,2,2,1998,2146
"2147",3,32,1,1,-90,2,1,1,1998,2147
"2148",1,42,1,1,12,2,2,-100,1998,2148
"2149",2,42,2,1,-98,1,2,1,1998,2149
"2150",2,29,2,1,-98,1,1,2,1998,2150
"2151",3,40,1,1,12,2,1,3,1998,2151
"2152",2,37,2,2,10,2,2,2,1998,2152
"2153",2,32,2,2,12,1,2,1,1998,2153
"2154",3,51,2,1,12,3,2,1,1998,2154
"2155",3,23,2,1,10,2,2,2,1998,2155
"2156",2,60,2,1,11,2,3,4,1998,2156
"2157",3,46,1,2,12,2,3,1,1998,2157
"2158",1,31,1,2,3,3,1,-100,1998,2158
"2159",3,71,1,2,4,1,4,1,1998,2159
"2160",2,46,1,2,4,3,3,3,1998,2160
"2161",2,42,2,2,12,-99,2,3,1998,2161
"2162",1,42,1,1,12,1,2,-100,1998,2162
"2163",2,80,2,1,9,1,2,1,1998,2163
"2164",3,81,1,1,11,2,2,1,1998,2164
"2165",1,50,2,1,12,1,1,-100,1998,2165
"2166",3,75,1,1,8,1,2,2,1998,2166
"2167",2,58,1,2,2,3,4,2,1998,2167
"2168",2,49,2,1,10,2,3,2,1998,2168
"2169",3,79,2,2,3,1,2,1,1998,2169
"2170",2,80,2,2,6,2,3,4,1998,2170
"2171",2,89,1,2,7,1,3,1,1998,2171
"2172",3,49,2,1,9,1,3,2,1998,2172
"2173",3,28,1,1,11,2,2,2,1998,2173
"2174",1,21,1,1,12,2,1,-100,1998,2174
"2175",2,23,1,3,12,1,2,1,1998,2175
"2176",1,24,2,1,9,3,2,-100,1998,2176
"2177",2,21,2,1,9,2,3,3,1998,2177
"2178",1,34,1,1,12,1,1,-100,1998,2178
"2179",2,43,2,1,12,2,2,4,1998,2179
"2180",3,18,1,1,12,2,1,-98,1998,2180
"2181",2,34,2,3,8,2,3,3,1998,2181
"2182",2,54,2,1,9,1,3,5,1998,2182
"2183",1,23,2,3,5,1,1,-100,1998,2183
"2184",1,39,1,1,12,1,1,-100,1998,2184
"2185",3,48,1,1,12,1,2,3,1998,2185
"2186",2,26,2,1,6,2,2,2,1998,2186
"2187",3,39,2,1,12,2,2,2,1998,2187
"2188",1,56,1,1,12,1,1,-100,1998,2188
"2189",3,39,2,1,12,1,2,4,1998,2189
"2190",3,39,1,1,12,2,3,4,1998,2190
"2191",1,66,1,3,1,1,4,-100,1998,2191
"2192",2,29,2,3,10,3,3,2,1998,2192
"2193",1,20,1,3,9,2,1,-100,1998,2193
"2194",3,54,1,3,-98,1,2,3,1998,2194
"2195",2,37,2,3,12,2,3,3,1998,2195
"2196",2,49,2,1,12,2,1,2,1998,2196
"2197",3,31,2,1,12,1,1,3,1998,2197
"2198",1,62,1,1,4,1,2,-100,1998,2198
"2199",3,48,2,1,9,3,3,3,1998,2199
"2200",3,41,2,1,12,3,3,2,1998,2200
"2201",1,42,2,1,12,2,2,-100,1998,2201
"2202",2,66,2,1,10,2,1,3,1998,2202
"2203",2,48,1,1,12,1,1,1,1998,2203
"2204",3,68,2,1,10,2,3,3,1998,2204
"2205",1,71,1,1,-90,2,2,-100,1998,2205
"2206",1,58,2,1,10,2,2,-100,1998,2206
"2207",3,26,1,1,-90,1,1,2,1998,2207
"2208",2,39,2,1,12,1,1,1,1998,2208
"2209",1,34,2,1,12,2,2,-100,1998,2209
"2210",3,27,1,1,12,2,2,4,1998,2210
"2211",2,50,2,1,12,2,2,4,1998,2211
"2212",2,51,2,1,12,2,4,2,1998,2212
"2213",1,66,2,1,4,3,4,-100,1998,2213
"2214",2,38,2,1,11,1,1,2,1998,2214
"2215",1,50,1,1,12,1,1,-100,1998,2215
"2216",3,76,2,2,9,1,2,1,1998,2216
"2217",3,55,1,1,12,2,2,3,1998,2217
"2218",1,31,2,1,12,2,2,-100,1998,2218
"2219",1,27,1,1,4,3,2,-100,1998,2219
"2220",2,33,2,1,12,2,2,2,1998,2220
"2221",1,52,1,1,-90,3,2,-100,1998,2221
"2222",3,78,2,1,7,3,3,1,1998,2222
"2223",2,43,2,1,12,2,2,3,1998,2223
"2224",2,42,1,1,12,2,3,3,1998,2224
"2225",1,59,2,1,12,1,1,-100,1998,2225
"2226",1,34,1,1,5,2,2,-100,1998,2226
"2227",2,44,2,1,12,1,1,1,1998,2227
"2228",1,46,1,1,-98,3,2,-100,1998,2228
"2229",3,71,1,1,12,2,2,2,1998,2229
"2230",1,51,2,1,8,2,1,-100,1998,2230
"2231",2,22,2,1,12,2,2,1,1998,2231
"2232",3,41,1,1,12,2,2,3,1998,2232
"2233",1,64,1,1,11,2,1,-100,1998,2233
"2234",2,42,2,1,12,2,2,3,1998,2234
"2235",2,31,1,1,12,2,2,2,1998,2235
"2236",2,25,2,1,12,2,2,2,1998,2236
"2237",2,70,2,1,12,1,1,2,1998,2237
"2238",1,83,2,1,12,2,1,-100,1998,2238
"2239",1,38,2,1,12,2,2,-100,1998,2239
"2240",3,64,1,1,-99,2,3,3,1998,2240
"2241",2,73,2,1,11,2,2,1,1998,2241
"2242",2,62,2,1,11,1,4,2,1998,2242
"2243",3,68,2,1,9,2,2,1,1998,2243
"2244",1,35,1,1,12,2,1,-100,1998,2244
"2245",2,20,2,1,-98,2,3,-98,1998,2245
"2246",3,59,1,1,9,3,2,3,1998,2246
"2247",1,73,1,1,12,2,4,-100,1998,2247
"2248",2,42,2,2,12,2,2,2,1998,2248
"2249",2,58,1,1,10,2,2,3,1998,2249
"2250",3,52,2,1,12,2,1,3,1998,2250
"2251",3,35,2,1,9,2,2,3,1998,2251
"2252",1,22,2,2,9,2,2,-100,1998,2252
"2253",2,45,1,1,12,2,1,2,1998,2253
"2254",1,31,2,3,-98,2,1,-100,1998,2254
"2255",3,54,1,2,12,2,3,1,1998,2255
"2256",2,55,2,1,12,2,3,4,1998,2256
"2257",2,69,1,1,12,1,1,1,1998,2257
"2258",2,20,1,1,12,2,1,4,1998,2258
"2259",1,35,1,1,11,2,3,-100,1998,2259
"2260",2,76,2,1,12,2,2,2,1998,2260
"2261",2,35,1,1,12,1,1,1,1998,2261
"2262",1,51,2,1,12,2,1,-100,1998,2262
"2263",3,33,1,1,12,-99,2,1,1998,2263
"2264",2,41,2,1,12,3,2,2,1998,2264
"2265",3,83,2,1,7,1,2,3,1998,2265
"2266",1,53,2,1,12,1,1,-100,1998,2266
"2267",2,44,1,1,12,1,2,3,1998,2267
"2268",2,47,1,1,12,1,2,2,1998,2268
"2269",1,84,2,1,12,1,2,-100,1998,2269
"2270",2,47,2,1,12,2,1,1,1998,2270
"2271",1,30,2,1,12,1,2,-100,1998,2271
"2272",1,30,1,1,12,1,1,-100,1998,2272
"2273",3,42,1,1,12,2,2,2,1998,2273
"2274",1,52,1,1,12,1,3,-100,1998,2274
"2275",1,56,2,1,12,2,3,-100,1998,2275
"2276",2,66,1,1,-99,1,2,1,1998,2276
"2277",3,52,2,1,12,1,2,2,1998,2277
"2278",2,52,1,1,12,2,3,1,1998,2278
"2279",3,67,1,1,12,1,2,2,1998,2279
"2280",1,20,1,1,9,2,3,-100,1998,2280
"2281",2,23,2,1,12,1,3,2,1998,2281
"2282",3,36,2,1,11,2,1,2,1998,2282
"2283",2,78,2,1,5,2,1,1,1998,2283
"2284",3,71,1,1,12,2,1,2,1998,2284
"2285",1,53,2,1,11,2,2,-100,1998,2285
"2286",1,64,2,1,11,2,3,-100,1998,2286
"2287",2,86,1,1,12,2,4,3,1998,2287
"2288",2,85,2,1,12,-99,2,3,1998,2288
"2289",2,30,2,1,10,2,2,1,1998,2289
"2290",1,34,2,1,12,2,1,-100,1998,2290
"2291",2,25,2,1,12,3,2,3,1998,2291
"2292",1,60,2,1,-98,2,4,-100,1998,2292
"2293",2,42,2,1,12,2,1,2,1998,2293
"2294",3,37,2,1,12,2,1,2,1998,2294
"2295",3,39,1,1,12,3,1,2,1998,2295
"2296",2,50,1,1,12,2,3,2,1998,2296
"2297",2,29,2,1,9,2,2,3,1998,2297
"2298",1,44,1,1,12,2,3,-100,1998,2298
"2299",2,42,1,1,12,2,2,1,1998,2299
"2300",1,45,2,1,11,1,2,-100,1998,2300
"2301",1,28,1,1,10,2,1,-100,1998,2301
"2302",2,59,1,1,12,2,2,1,1998,2302
"2303",3,47,1,1,12,3,4,3,1998,2303
"2304",3,46,2,1,12,1,1,2,1998,2304
"2305",2,48,1,1,12,2,1,3,1998,2305
"2306",1,52,2,1,12,1,1,-100,1998,2306
"2307",1,84,2,1,4,2,3,-100,1998,2307
"2308",3,69,2,1,10,2,2,3,1998,2308
"2309",2,74,1,1,9,1,4,1,1998,2309
"2310",1,74,1,1,11,2,2,-100,1998,2310
"2311",3,33,1,1,11,3,3,4,1998,2311
"2312",2,40,2,1,12,2,2,2,1998,2312
"2313",1,25,2,1,12,3,2,-100,1998,2313
"2314",1,30,2,1,9,1,3,-100,1998,2314
"2315",1,64,1,1,10,2,3,-100,1998,2315
"2316",3,47,2,1,12,2,1,2,1998,2316
"2317",3,20,2,1,12,2,1,2,1998,2317
"2318",3,49,1,1,12,2,2,2,1998,2318
"2319",3,22,1,1,10,2,2,1,1998,2319
"2320",2,34,1,1,12,1,2,3,1998,2320
"2321",2,24,2,1,5,1,1,2,1998,2321
"2322",1,28,1,2,10,1,1,-100,1998,2322
"2323",2,37,1,1,12,2,3,2,1998,2323
"2324",1,60,1,1,12,2,2,-100,1998,2324
"2325",1,43,1,1,-99,2,2,-100,1998,2325
"2326",1,21,1,1,3,1,2,-100,1998,2326
"2327",2,35,2,1,12,1,2,1,1998,2327
"2328",2,34,2,1,12,1,2,1,1998,2328
"2329",2,37,2,1,12,2,1,2,1998,2329
"2330",2,39,2,1,12,2,1,1,1998,2330
"2331",3,61,2,2,12,2,2,1,1998,2331
"2332",2,49,1,3,12,2,1,1,1998,2332
"2333",2,40,2,1,10,2,1,3,1998,2333
"2334",1,55,2,1,12,1,1,-100,1998,2334
"2335",3,27,2,1,11,1,1,3,1998,2335
"2336",3,53,2,1,11,2,3,2,1998,2336
"2337",1,20,2,1,7,2,2,-100,1998,2337
"2338",3,41,1,1,11,2,2,3,1998,2338
"2339",2,22,2,1,1,2,2,1,1998,2339
"2340",3,23,1,1,6,2,1,5,1998,2340
"2341",3,32,2,1,11,2,2,1,1998,2341
"2342",1,22,1,1,8,1,2,-100,1998,2342
"2343",1,21,2,3,9,2,2,-100,1998,2343
"2344",2,25,2,1,11,2,1,3,1998,2344
"2345",2,73,1,1,12,2,1,3,1998,2345
"2346",1,72,1,1,12,1,3,-100,1998,2346
"2347",1,73,2,1,-98,1,1,-100,1998,2347
"2348",2,62,1,1,12,2,2,1,1998,2348
"2349",2,51,1,1,12,2,3,1,1998,2349
"2350",1,63,1,1,11,2,3,-100,1998,2350
"2351",3,39,1,1,12,1,2,2,1998,2351
"2352",3,55,1,1,-98,1,1,2,1998,2352
"2353",1,58,2,1,11,1,2,-100,1998,2353
"2354",1,67,1,1,8,1,2,-100,1998,2354
"2355",3,60,1,1,5,1,4,1,1998,2355
"2356",2,35,2,1,12,1,1,1,1998,2356
"2357",2,45,2,1,11,2,2,3,1998,2357
"2358",2,37,2,1,9,3,-98,2,1998,2358
"2359",3,24,2,1,12,1,1,2,1998,2359
"2360",3,88,2,1,-98,3,4,1,1998,2360
"2361",2,47,2,1,9,3,4,2,1998,2361
"2362",3,33,2,1,10,2,2,2,1998,2362
"2363",3,88,1,1,-98,1,1,3,1998,2363
"2364",3,61,2,1,-90,1,2,4,1998,2364
"2365",2,86,1,1,1,1,4,1,1998,2365
"2366",1,43,1,1,4,3,3,-100,1998,2366
"2367",1,39,2,2,4,3,3,-100,1998,2367
"2368",2,43,2,2,7,2,1,2,1998,2368
"2369",3,24,2,2,9,2,2,2,1998,2369
"2370",2,34,1,2,12,1,1,1,1998,2370
"2371",3,32,2,2,-90,1,2,-98,1998,2371
"2372",1,36,2,2,12,1,1,-100,1998,2372
"2373",1,59,1,2,12,1,1,-100,1998,2373
"2374",1,30,2,2,5,1,2,-100,1998,2374
"2375",3,74,2,2,7,2,4,3,1998,2375
"2376",2,40,1,2,9,2,4,4,1998,2376
"2377",3,50,1,2,10,1,1,2,1998,2377
"2378",3,36,1,2,-90,2,3,1,1998,2378
"2379",1,89,2,2,4,1,3,-100,1998,2379
"2380",2,38,1,1,12,2,2,3,1998,2380
"2381",2,65,1,1,10,2,2,4,1998,2381
"2382",1,38,1,2,12,2,1,-100,1998,2382
"2383",1,51,2,1,-90,2,3,-100,1998,2383
"2384",3,52,2,1,-90,2,2,1,1998,2384
"2385",3,51,2,1,9,1,2,4,1998,2385
"2386",1,30,2,1,11,2,3,-100,1998,2386
"2387",3,39,2,1,12,2,2,2,1998,2387
"2388",2,42,2,1,12,2,2,1,1998,2388
"2389",1,43,2,1,10,2,3,-100,1998,2389
"2390",1,64,1,1,12,1,1,-100,1998,2390
"2391",3,62,2,1,10,1,2,2,1998,2391
"2392",2,50,1,1,12,2,2,4,1998,2392
"2393",2,33,1,1,12,2,2,1,1998,2393
"2394",2,42,1,1,12,2,2,3,1998,2394
"2395",1,49,2,1,10,2,2,-100,1998,2395
"2396",3,44,1,1,12,2,1,2,1998,2396
"2397",3,39,2,1,12,2,2,2,1998,2397
"2398",1,38,1,1,12,2,3,-100,1998,2398
"2399",2,47,1,1,9,2,2,2,1998,2399
"2400",3,25,1,1,10,3,3,2,1998,2400
"2401",1,32,1,1,12,2,3,-100,1998,2401
"2402",2,77,1,1,11,1,3,1,1998,2402
"2403",3,33,2,1,12,2,1,4,1998,2403
"2404",2,28,2,1,12,2,2,1,1998,2404
"2405",1,49,2,3,12,2,3,-100,1998,2405
"2406",3,36,2,1,12,1,1,2,1998,2406
"2407",3,65,1,1,12,1,3,1,1998,2407
"2408",3,31,2,1,12,1,1,1,1998,2408
"2409",3,29,2,1,12,1,1,1,1998,2409
"2410",2,42,1,1,-99,2,2,1,1998,2410
"2411",1,39,2,1,12,2,1,-100,1998,2411
"2412",1,42,2,1,12,1,2,-100,1998,2412
"2413",1,32,2,1,12,2,3,-100,1998,2413
"2414",1,27,2,1,12,2,2,-100,1998,2414
"2415",2,45,1,1,12,2,3,3,1998,2415
"2416",2,25,2,1,8,2,4,1,1998,2416
"2417",3,66,1,1,12,1,2,2,1998,2417
"2418",2,41,2,1,12,1,2,1,1998,2418
"2419",3,41,2,1,12,2,1,2,1998,2419
"2420",1,33,1,1,12,2,1,-100,1998,2420
"2421",2,73,1,1,12,1,1,1,1998,2421
"2422",3,70,1,1,9,1,2,1,1998,2422
"2423",3,52,2,1,12,1,1,2,1998,2423
"2424",3,59,1,1,12,2,3,3,1998,2424
"2425",2,73,1,1,11,1,3,4,1998,2425
"2426",2,25,2,1,-90,1,1,4,1998,2426
"2427",1,76,1,1,9,2,3,-100,1998,2427
"2428",2,75,2,1,12,1,3,1,1998,2428
"2429",3,52,2,1,12,1,2,2,1998,2429
"2430",1,45,2,1,12,2,2,-100,1998,2430
"2431",2,30,2,1,12,1,1,1,1998,2431
"2432",3,40,1,2,10,2,3,3,1998,2432
"2433",1,25,2,2,9,3,3,-100,1998,2433
"2434",1,35,2,2,-99,2,1,-100,1998,2434
"2435",3,26,2,2,8,2,2,2,1998,2435
"2436",3,26,1,1,7,1,1,2,1998,2436
"2437",2,65,1,1,9,1,2,2,1998,2437
"2438",3,24,1,1,11,1,1,1,1998,2438
"2439",2,46,1,1,10,3,3,4,1998,2439
"2440",2,45,1,1,11,3,2,5,1998,2440
"2441",3,47,1,1,11,2,3,2,1998,2441
"2442",1,22,1,1,-99,2,2,-100,1998,2442
"2443",1,55,2,1,12,1,3,-100,1998,2443
"2444",1,37,1,1,12,2,3,-100,1998,2444
"2445",3,36,1,1,12,2,2,1,1998,2445
"2446",2,38,2,1,12,1,2,3,1998,2446
"2447",3,36,2,1,12,1,1,1,1998,2447
"2448",3,18,1,1,12,2,3,4,1998,2448
"2449",3,50,1,1,12,3,2,1,1998,2449
"2450",3,41,1,1,12,3,2,3,1998,2450
"2451",1,36,1,1,11,2,2,-100,1998,2451
"2452",2,75,2,1,4,2,4,1,1998,2452
"2453",1,35,2,1,12,2,1,-100,1998,2453
"2454",1,49,2,1,7,1,2,-100,1998,2454
"2455",3,66,2,1,10,2,2,2,1998,2455
"2456",2,75,1,1,4,2,3,3,1998,2456
"2457",2,68,1,1,12,2,3,3,1998,2457
"2458",1,57,2,1,-90,2,2,-100,1998,2458
"2459",2,63,2,1,6,1,3,2,1998,2459
"2460",3,58,2,1,11,2,3,4,1998,2460
"2461",2,33,1,1,9,1,2,2,1998,2461
"2462",1,77,2,1,7,1,2,-100,1998,2462
"2463",1,51,2,1,12,2,1,-100,1998,2463
"2464",2,70,1,1,4,2,-99,2,1998,2464
"2465",3,40,2,1,12,2,3,2,1998,2465
"2466",2,54,1,1,-98,2,4,2,1998,2466
"2467",3,31,2,1,12,2,1,5,1998,2467
"2468",2,76,1,1,-90,2,4,1,1998,2468
"2469",2,46,2,1,9,3,3,2,1998,2469
"2470",3,32,2,1,12,1,1,1,1998,2470
"2471",1,71,1,1,-90,1,3,-100,1998,2471
"2472",1,54,2,1,12,2,1,-100,1998,2472
"2473",2,70,1,1,9,1,2,3,1998,2473
"2474",3,39,2,1,12,2,2,2,1998,2474
"2475",3,25,1,1,-98,1,1,2,1998,2475
"2476",3,28,1,1,12,2,1,2,1998,2476
"2477",3,44,2,1,12,1,1,1,1998,2477
"2478",2,51,1,1,12,1,2,2,1998,2478
"2479",1,42,2,1,12,2,2,-100,1998,2479
"2480",3,28,1,1,10,2,3,3,1998,2480
"2481",3,56,2,1,12,1,2,1,1998,2481
"2482",2,38,1,1,12,1,1,3,1998,2482
"2483",1,72,2,1,-98,2,2,-100,1998,2483
"2484",1,27,2,1,9,3,2,-100,1998,2484
"2485",2,38,1,1,11,2,1,4,1998,2485
"2486",3,45,2,1,12,2,2,2,1998,2486
"2487",3,75,2,1,9,2,2,3,1998,2487
"2488",3,48,2,1,12,2,1,3,1998,2488
"2489",1,32,2,1,12,1,1,-100,1998,2489
"2490",2,23,1,1,12,2,1,1,1998,2490
"2491",2,85,1,1,9,1,1,1,1998,2491
"2492",1,32,2,1,12,2,2,-100,1998,2492
"2493",2,33,2,1,12,1,1,3,1998,2493
"2494",1,31,2,1,12,2,3,-100,1998,2494
"2495",3,26,2,1,5,2,3,3,1998,2495
"2496",2,71,2,1,11,2,1,3,1998,2496
"2497",1,20,2,1,12,2,2,-100,1998,2497
"2498",3,48,1,1,12,2,2,3,1998,2498
"2499",3,26,2,1,12,2,2,4,1998,2499
"2500",1,85,2,1,9,2,2,-100,1998,2500
"2501",1,24,2,1,12,2,1,-100,1998,2501
"2502",2,67,1,1,-90,1,2,1,1998,2502
"2503",1,67,2,1,4,2,2,-100,1998,2503
"2504",2,48,2,1,-98,2,2,2,1998,2504
"2505",2,41,2,1,10,2,3,1,1998,2505
"2506",1,48,2,1,12,2,2,-100,1998,2506
"2507",3,29,1,1,10,2,2,2,1998,2507
"2508",3,22,2,1,9,1,2,3,1998,2508
"2509",2,39,2,1,11,2,2,2,1998,2509
"2510",2,54,1,1,12,2,2,1,1998,2510
"2511",1,37,2,1,12,1,2,-100,1998,2511
"2512",1,57,2,1,9,2,4,-100,1998,2512
"2513",1,50,2,1,12,2,2,-100,1998,2513
"2514",3,66,1,1,10,2,3,1,1998,2514
"2515",1,48,1,1,12,2,1,-100,1998,2515
"2516",3,58,1,1,12,2,2,1,1998,2516
"2517",3,41,1,1,12,1,1,3,1998,2517
"2518",2,29,1,1,12,2,2,1,1998,2518
"2519",3,47,1,1,-90,1,1,1,1998,2519
"2520",3,51,1,2,10,2,2,1,1998,2520
"2521",2,39,2,1,12,2,1,1,1998,2521
"2522",3,34,2,1,12,1,1,2,1998,2522
"2523",2,42,1,1,12,2,2,1,1998,2523
"2524",1,66,2,1,11,2,3,-100,1998,2524
"2525",2,43,1,1,10,1,1,2,1998,2525
"2526",2,41,2,2,12,3,2,1,1998,2526
"2527",2,35,2,2,12,2,3,1,1998,2527
"2528",3,43,2,2,12,1,2,1,1998,2528
"2529",3,20,1,2,12,3,2,3,1998,2529
"2530",2,51,2,2,12,1,1,2,1998,2530
"2531",3,71,2,2,12,3,2,1,1998,2531
"2532",1,36,1,2,-98,2,1,-100,1998,2532
"2533",3,25,2,1,12,1,1,2,1998,2533
"2534",1,57,1,1,12,1,1,-100,1998,2534
"2535",1,23,1,2,12,2,1,-100,1998,2535
"2536",1,29,2,2,3,3,2,-100,1998,2536
"2537",1,42,2,2,12,1,3,-100,1998,2537
"2538",1,52,2,1,12,3,4,-100,1998,2538
"2539",3,42,2,1,10,3,1,2,1998,2539
"2540",2,54,1,1,12,3,3,2,1998,2540
"2541",1,46,2,1,12,3,2,-100,1998,2541
"2542",1,41,1,1,12,1,2,-100,1998,2542
"2543",2,19,1,2,12,2,2,1,1998,2543
"2544",3,41,2,1,12,2,1,1,1998,2544
"2545",2,78,2,1,9,1,3,2,1998,2545
"2546",3,73,2,1,12,1,2,1,1998,2546
"2547",1,19,1,2,12,2,2,-100,1998,2547
"2548",3,37,1,2,10,2,2,1,1998,2548
"2549",2,45,2,2,9,2,2,2,1998,2549
"2550",1,57,1,1,12,1,1,-100,1998,2550
"2551",1,49,2,1,12,2,2,-100,1998,2551
"2552",2,50,1,1,12,1,2,1,1998,2552
"2553",2,52,2,1,12,1,1,1,1998,2553
"2554",1,39,2,1,12,1,1,-100,1998,2554
"2555",3,29,2,1,12,2,1,5,1998,2555
"2556",3,54,1,1,12,1,1,2,1998,2556
"2557",1,41,2,1,12,2,1,-100,1998,2557
"2558",2,58,2,1,-98,3,2,4,1998,2558
"2559",3,33,2,1,12,2,1,1,1998,2559
"2560",2,77,2,1,12,2,1,1,1998,2560
"2561",2,32,2,1,12,1,1,1,1998,2561
"2562",1,65,1,1,12,2,2,-100,1998,2562
"2563",2,40,1,1,9,2,4,1,1998,2563
"2564",3,58,2,1,11,2,1,3,1998,2564
"2565",3,22,2,1,12,2,2,3,1998,2565
"2566",1,83,1,1,11,1,3,-100,1998,2566
"2567",2,33,1,2,12,1,2,3,1998,2567
"2568",3,26,2,1,12,1,1,1,1998,2568
"2569",2,38,1,1,12,2,1,3,1998,2569
"2570",2,37,2,1,12,1,1,1,1998,2570
"2571",1,56,1,1,12,2,2,-100,1998,2571
"2572",1,29,1,1,12,1,2,-100,1998,2572
"2573",3,38,1,1,12,1,1,1,1998,2573
"2574",2,34,2,1,12,1,2,2,1998,2574
"2575",1,37,2,2,12,3,2,-100,1998,2575
"2576",3,37,2,2,12,2,2,3,1998,2576
"2577",1,27,2,2,12,2,2,-100,1998,2577
"2578",3,48,2,1,10,1,3,1,1998,2578
"2579",1,65,2,2,11,2,3,-100,1998,2579
"2580",3,54,1,1,12,2,1,3,1998,2580
"2581",1,30,1,1,11,2,2,-100,1998,2581
"2582",1,75,2,1,10,1,4,-100,1998,2582
"2583",2,83,2,1,3,2,3,2,1998,2583
"2584",3,75,2,1,10,2,2,3,1998,2584
"2585",1,86,1,1,11,1,3,-100,1998,2585
"2586",3,77,1,1,12,2,2,3,1998,2586
"2587",2,65,1,3,7,1,4,1,1998,2587
"2588",2,23,1,1,10,2,2,1,1998,2588
"2589",3,24,2,3,11,2,2,1,1998,2589
"2590",1,22,2,1,5,2,3,-100,1998,2590
"2591",3,31,2,3,9,2,2,3,1998,2591
"2592",2,25,1,1,8,1,2,3,1998,2592
"2593",3,77,2,1,8,3,2,-98,1998,2593
"2594",1,25,2,1,9,2,2,-100,1998,2594
"2595",2,24,2,1,9,2,2,3,1998,2595
"2596",1,42,2,1,11,2,2,-100,1998,2596
"2597",1,32,1,1,12,1,3,-100,1998,2597
"2598",3,51,1,1,12,2,3,3,1998,2598
"2599",1,23,2,1,9,1,2,-100,1998,2599
"2600",2,22,1,1,9,1,2,3,1998,2600
"2601",2,25,1,1,11,2,1,2,1998,2601
"2602",3,36,1,1,12,2,1,3,1998,2602
"2603",3,25,2,1,12,2,2,4,1998,2603
"2604",1,33,2,1,12,1,1,-100,1998,2604
"2605",2,28,2,1,12,2,2,1,1998,2605
"2606",1,47,1,1,12,2,2,-100,1998,2606
"2607",3,70,1,1,12,2,4,2,1998,2607
"2608",2,26,1,1,12,2,3,1,1998,2608
"2609",1,37,2,1,12,2,2,-100,1998,2609
"2610",2,28,1,1,12,2,1,2,1998,2610
"2611",1,39,1,1,12,2,2,-100,1998,2611
"2612",3,40,2,1,12,3,3,2,1998,2612
"2613",1,54,2,1,-90,1,2,-100,1998,2613
"2614",2,42,1,1,12,3,3,4,1998,2614
"2615",2,54,1,1,-90,2,2,3,1998,2615
"2616",2,46,1,1,10,2,2,5,1998,2616
"2617",1,37,2,1,-99,2,2,-100,1998,2617
"2618",3,44,1,1,12,2,2,3,1998,2618
"2619",3,21,1,1,10,3,3,2,1998,2619
"2620",2,23,2,1,2,2,2,3,1998,2620
"2621",3,51,1,3,4,2,1,3,1998,2621
"2622",3,76,2,1,10,1,2,2,1998,2622
"2623",1,57,2,1,-90,1,2,-100,1998,2623
"2624",2,26,2,1,12,2,1,4,1998,2624
"2625",3,53,1,1,12,2,2,2,1998,2625
"2626",1,86,2,1,12,1,3,-100,1998,2626
"2627",3,33,2,1,-90,2,2,2,1998,2627
"2628",1,62,1,1,12,1,2,-100,1998,2628
"2629",2,32,2,1,12,2,2,2,1998,2629
"2630",2,33,1,1,-90,1,1,2,1998,2630
"2631",1,47,1,3,12,1,1,-100,1998,2631
"2632",3,56,2,1,4,1,4,3,1998,2632
"2633",2,32,1,1,12,2,2,2,1998,2633
"2634",3,76,2,1,-90,2,3,2,1998,2634
"2635",3,80,2,1,-90,1,1,1,1998,2635
"2636",2,35,1,1,12,1,2,1,1998,2636
"2637",3,42,2,1,-90,1,1,1,1998,2637
"2638",3,65,2,1,-90,1,2,1,1998,2638
"2639",2,77,2,1,-90,1,3,1,1998,2639
"2640",1,39,2,1,12,2,3,-100,1998,2640
"2641",1,21,1,1,-90,1,1,-100,1998,2641
"2642",1,56,1,1,-90,1,2,-100,1998,2642
"2643",3,46,1,1,12,1,1,2,1998,2643
"2644",2,30,2,1,10,3,4,3,1998,2644
"2645",1,31,1,3,12,1,2,-100,1998,2645
"2646",3,85,1,1,11,3,3,1,1998,2646
"2647",2,34,1,1,-90,2,1,3,1998,2647
"2648",1,54,2,1,12,2,1,-100,1998,2648
"2649",1,39,1,1,12,1,1,-100,1998,2649
"2650",2,51,2,1,12,1,1,1,1998,2650
"2651",3,72,2,1,12,2,2,1,1998,2651
"2652",1,69,1,1,12,1,1,-100,1998,2652
"2653",3,41,2,1,12,1,1,2,1998,2653
"2654",1,48,1,1,12,2,2,-100,1998,2654
"2655",3,59,2,1,12,2,2,4,1998,2655
"2656",2,54,1,1,8,2,3,5,1998,2656
"2657",2,38,2,1,12,1,1,3,1998,2657
"2658",1,46,2,1,12,1,1,-100,1998,2658
"2659",3,84,2,1,10,2,3,1,1998,2659
"2660",1,28,2,1,12,1,2,-100,1998,2660
"2661",2,31,2,1,5,2,2,2,1998,2661
"2662",3,32,2,1,12,2,2,3,1998,2662
"2663",2,79,2,1,10,1,2,1,1998,2663
"2664",3,58,1,1,12,2,2,2,1998,2664
"2665",1,55,1,1,12,1,2,-100,1998,2665
"2666",1,76,2,1,12,1,1,-100,1998,2666
"2667",1,50,1,1,12,2,2,-100,1998,2667
"2668",3,27,2,1,11,2,2,4,1998,2668
"2669",3,34,2,1,12,1,1,1,1998,2669
"2670",2,21,1,1,12,2,1,3,1998,2670
"2671",2,41,2,1,12,1,2,2,1998,2671
"2672",2,82,1,1,7,1,4,4,1998,2672
"2673",3,65,1,1,12,1,2,2,1998,2673
"2674",1,32,1,1,-90,2,2,-100,1998,2674
"2675",1,42,2,1,12,2,2,-100,1998,2675
"2676",1,42,2,1,12,1,1,-100,1998,2676
"2677",1,55,1,1,12,2,2,-100,1998,2677
"2678",2,29,2,1,12,2,1,3,1998,2678
"2679",2,25,1,1,11,2,2,3,1998,2679
"2680",1,32,2,1,12,2,3,-100,1998,2680
"2681",3,73,2,1,12,2,2,2,1998,2681
"2682",3,50,2,1,-90,2,1,3,1998,2682
"2683",3,40,2,1,8,2,2,3,1998,2683
"2684",2,60,1,1,12,2,2,2,1998,2684
"2685",1,77,2,1,-90,2,2,-100,1998,2685
"2686",2,35,1,1,12,2,1,2,1998,2686
"2687",1,60,2,1,11,2,1,-100,1998,2687
"2688",2,42,2,1,12,2,2,1,1998,2688
"2689",2,39,2,1,12,3,3,2,1998,2689
"2690",3,36,1,1,10,3,2,3,1998,2690
"2691",2,35,2,1,12,2,3,3,1998,2691
"2692",3,76,2,1,9,2,2,1,1998,2692
"2693",2,36,1,2,12,2,2,3,1998,2693
"2694",2,29,2,2,11,1,2,1,1998,2694
"2695",2,81,2,2,5,1,2,1,1998,2695
"2696",1,23,1,2,11,3,1,-100,1998,2696
"2697",3,45,2,1,9,2,2,4,1998,2697
"2698",3,74,1,1,12,1,2,1,1998,2698
"2699",2,71,2,1,12,2,3,1,1998,2699
"2700",3,43,1,1,12,2,2,1,1998,2700
"2701",3,43,2,1,12,1,2,1,1998,2701
"2702",1,23,2,1,-99,2,3,-100,1998,2702
"2703",3,35,2,1,2,2,2,2,1998,2703
"2704",1,74,2,1,4,1,2,-100,1998,2704
"2705",1,72,2,1,-98,3,4,-100,1998,2705
"2706",1,69,2,1,8,1,3,-100,1998,2706
"2707",3,87,2,1,-98,3,3,-98,1998,2707
"2708",2,87,2,1,-99,2,2,3,1998,2708
"2709",2,67,2,1,7,2,3,3,1998,2709
"2710",2,51,2,1,6,2,2,2,1998,2710
"2711",3,59,2,1,9,3,4,2,1998,2711
"2712",3,53,2,1,7,2,3,3,1998,2712
"2713",2,21,1,1,8,2,2,4,1998,2713
"2714",1,33,2,1,2,2,3,-100,1998,2714
"2715",2,28,2,1,6,3,2,4,1998,2715
"2716",2,51,2,1,10,2,4,2,1998,2716
"2717",3,70,2,1,-98,3,3,2,1998,2717
"2718",1,69,2,1,1,3,4,-100,1998,2718
"2719",3,44,2,1,12,1,2,1,1998,2719
"2720",3,51,1,1,2,2,4,5,1998,2720
"2721",1,26,2,1,-98,1,2,-100,1998,2721
"2722",3,32,2,1,12,2,1,1,1998,2722
"2723",2,43,2,1,11,1,2,1,1998,2723
"2724",1,26,1,1,11,2,1,-100,1998,2724
"2725",1,65,2,1,-98,1,1,-100,1998,2725
"2726",1,21,1,3,12,2,2,-100,1998,2726
"2727",3,39,1,1,12,2,1,2,1998,2727
"2728",2,21,1,1,-98,2,1,4,1998,2728
"2729",2,37,2,1,12,1,2,1,1998,2729
"2730",2,42,2,1,12,2,2,2,1998,2730
"2731",3,44,1,1,12,2,2,2,1998,2731
"2732",2,44,2,1,12,2,1,1,1998,2732
"2733",1,30,2,1,12,2,2,-100,1998,2733
"2734",2,49,2,1,12,2,2,3,1998,2734
"2735",3,56,2,1,5,2,2,2,1998,2735
"2736",1,51,2,1,10,3,2,-100,1998,2736
"2737",1,23,2,1,12,2,1,-100,1998,2737
"2738",1,48,1,1,12,1,1,-100,1998,2738
"2739",3,42,2,1,12,1,3,2,1998,2739
"2740",2,50,1,2,12,2,2,1,1998,2740
"2741",1,83,2,1,-98,2,2,-100,1998,2741
"2742",1,72,2,1,-90,1,1,-100,1998,2742
"2743",2,47,1,1,12,1,2,2,1998,2743
"2744",1,28,1,1,12,1,1,-100,1998,2744
"2745",3,35,2,2,12,1,2,1,1998,2745
"2746",1,48,2,1,11,2,3,-100,1998,2746
"2747",3,72,2,1,12,2,3,2,1998,2747
"2748",1,35,2,1,11,2,2,-100,1998,2748
"2749",1,46,1,1,12,2,2,-100,1998,2749
"2750",1,51,1,1,11,2,2,-100,1998,2750
"2751",2,30,2,1,-90,1,2,3,1998,2751
"2752",2,73,1,2,-90,2,3,2,1998,2752
"2753",2,58,2,1,12,1,2,2,1998,2753
"2754",1,38,2,1,12,1,2,-100,1998,2754
"2755",1,67,1,1,12,1,2,-100,1998,2755
"2756",1,75,2,1,8,2,3,-100,1998,2756
"2757",2,73,1,1,5,3,1,2,1998,2757
"2758",3,21,2,1,-98,2,1,2,1998,2758
"2759",2,19,1,1,12,2,1,2,1998,2759
"2760",3,28,2,1,12,2,1,2,1998,2760
"2761",2,48,2,1,12,2,2,1,1998,2761
"2762",2,68,2,1,12,2,3,2,1998,2762
"2763",3,43,1,2,12,2,2,2,1998,2763
"2764",3,38,2,1,12,2,1,2,1998,2764
"2765",2,33,2,1,12,1,1,3,1998,2765
"2766",1,41,2,1,12,2,2,-100,1998,2766
"2767",3,54,1,1,12,2,3,2,1998,2767
"2768",2,44,2,1,12,2,2,3,1998,2768
"2769",3,78,2,1,-90,1,2,1,1998,2769
"2770",2,46,2,1,12,1,1,1,1998,2770
"2771",3,35,1,1,12,2,1,2,1998,2771
"2772",1,74,1,1,11,3,4,-100,1998,2772
"2773",1,26,1,1,12,2,2,-100,1998,2773
"2774",3,57,1,1,-90,1,2,1,1998,2774
"2775",1,27,2,1,12,2,2,-100,1998,2775
"2776",1,57,1,1,12,2,1,-100,1998,2776
"2777",3,68,1,1,12,2,3,1,1998,2777
"2778",2,56,2,1,-90,1,3,2,1998,2778
"2779",2,20,1,1,12,2,3,1,1998,2779
"2780",1,56,2,1,12,1,2,-100,1998,2780
"2781",1,34,2,1,11,2,2,-100,1998,2781
"2782",3,67,1,2,12,2,3,2,1998,2782
"2783",1,40,2,2,12,2,1,-100,1998,2783
"2784",2,53,2,1,-90,2,2,2,1998,2784
"2785",2,33,1,1,12,1,1,2,1998,2785
"2786",3,62,1,1,12,2,2,1,1998,2786
"2787",3,68,2,1,-90,1,3,1,1998,2787
"2788",3,28,1,1,12,1,2,4,1998,2788
"2789",3,70,2,1,8,3,4,2,1998,2789
"2790",1,52,1,1,12,1,2,-100,1998,2790
"2791",1,34,2,1,12,2,1,-100,1998,2791
"2792",2,88,1,2,9,2,1,2,1998,2792
"2793",3,70,1,1,-98,3,4,1,1998,2793
"2794",3,44,1,1,9,2,2,4,1998,2794
"2795",1,41,2,1,12,2,1,-100,1998,2795
"2796",1,23,2,1,12,2,2,-100,1998,2796
"2797",2,76,2,1,-90,2,2,1,1998,2797
"2798",3,48,2,1,9,1,1,3,1998,2798
"2799",3,26,1,3,12,2,2,1,1998,2799
"2800",3,38,1,2,-90,2,2,1,1998,2800
"2801",3,47,2,1,12,2,1,2,1998,2801
"2802",1,75,2,1,-98,2,3,-100,1998,2802
"2803",2,28,2,1,11,2,2,4,1998,2803
"2804",1,26,1,1,12,2,2,-100,1998,2804
"2805",2,34,2,1,12,2,2,2,1998,2805
"2806",3,40,1,1,12,2,2,2,1998,2806
"2807",1,48,1,1,12,2,1,-100,1998,2807
"2808",1,71,2,2,11,2,3,-100,1998,2808
"2809",2,61,1,1,12,3,2,3,1998,2809
"2810",3,45,1,1,12,2,2,1,1998,2810
"2811",1,50,1,2,12,2,2,-100,1998,2811
"2812",2,32,2,1,12,1,1,3,1998,2812
"2813",2,77,1,1,12,1,1,1,1998,2813
"2814",3,47,1,1,12,1,1,3,1998,2814
"2815",3,24,2,3,12,2,2,3,1998,2815
"2816",2,49,2,1,12,1,1,2,1998,2816
"2817",2,68,2,1,12,1,2,2,1998,2817
"2818",1,49,1,1,12,2,2,-100,1998,2818
"2819",1,81,2,1,9,1,2,-100,1998,2819
"2820",1,49,2,1,12,1,2,-100,1998,2820
"2821",3,65,1,1,11,2,2,2,1998,2821
"2822",2,49,1,1,11,2,2,3,1998,2822
"2823",2,37,1,1,12,1,2,1,1998,2823
"2824",3,30,2,1,12,1,2,2,1998,2824
"2825",1,48,1,1,12,2,2,-100,1998,2825
"2826",2,37,2,1,-98,1,2,1,1998,2826
"2827",1,59,2,1,-90,3,2,-100,1998,2827
"2828",3,73,2,1,11,1,1,1,1998,2828
"2829",3,40,2,1,10,3,3,2,1998,2829
"2830",2,73,1,1,11,2,4,2,1998,2830
"2831",3,47,1,1,12,2,2,2,1998,2831
"2832",3,20,1,1,12,2,2,-98,1998,2832
